1 35.64 44.00 73.40 185.95 250 06/11/14-10:14:53
2 40.04 53.00 99.00 17.99 331 08/08/13-20:00:18
3 40.53 54.00 99.10 18.27 280 06/11/14-19:55:03
4 39.55 55.00 99.20 17.81 261 06/11/14-19:56:07
5 39.06 55.00 98.70 17.64 249 06/11/14-19:57:10
6 40.04 55.00 98.50 17.28 240 06/11/14-19:58:13
7 38.09 55.00 99.00 17.19 234 06/11/14-19:59:16
8 40.04 57.00 99.10 17.55 230 06/11/14-20:00:19
9 40.04 57.00 98.90 17.64 226 06/11/14-20:01:23
10 38.57 57.00 98.50 17.46 223 06/11/14-20:02:26
11 38.57 56.00 99.00 17.19 222 06/11/14-20:03:29
12 39.06 57.00 99.00 16.75 220 06/11/14-20:04:32
13 39.06 58.00 98.70 17.02 219 06/11/14-20:05:35
14 40.04 61.00 98.60 16.49 216 06/11/14-20:06:39
15 39.06 57.00 98.50 16.75 215 06/11/14-20:07:42
16 38.57 58.00 98.40 17.37 216 06/11/14-20:08:47
17 39.55 58.00 98.60 17.19 216 06/11/14-20:09:50
18 39.06 58.00 98.10 17.10 216 06/11/14-20:10:53
19 39.55 58.00 99.00 17.28 215 06/11/14-20:11:56
20 38.57 58.00 99.00 17.64 216 06/11/14-20:12:59
21 39.06 60.00 99.00 17.19 216 06/11/14-20:14:02
22 38.57 58.00 98.60 17.28 216 06/11/14-20:15:05
23 39.06 58.00 99.00 17.37 218 06/11/14-20:16:09
24 38.09 59.00 98.80 17.46 218 06/11/14-20:17:12
25 39.06 57.00 98.30 17.46 218 06/11/14-20:18:15
26 39.06 58.00 98.20 17.28 221 06/11/14-20:19:19
27 39.55 58.00 98.40 17.19 219 06/11/14-20:20:22
28 39.06 59.00 98.60 17.55 220 06/11/14-20:21:25
29 38.09 59.00 98.90 17.28 226 06/11/14-20:22:29
30 39.06 58.00 98.90 13.68 223 06/11/14-20:23:32
31 38.09 59.00 98.70 13.92 224 06/11/14-20:24:35
32 38.09 59.00 98.70 14.24 230 06/11/14-20:25:38
33 39.55 59.00 98.50 13.76 231 06/11/14-20:26:40
34 39.55 59.00 98.40 13.92 233 06/11/14-20:27:42
35 38.57 59.00 98.60 13.92 230 06/11/14-20:28:45
36 38.09 60.00 98.40 13.92 227 06/11/14-20:29:48
37 39.55 59.00 98.60 14.16 230 06/11/14-20:30:50
38 39.55 60.00 98.60 13.60 226 06/11/14-20:31:53
39 39.06 60.00 98.70 13.68 225 06/11/14-20:32:55
40 39.06 60.00 98.70 13.92 225 06/11/14-20:33:57
41 39.55 60.00 98.60 13.84 228 06/11/14-20:35:01
42 39.55 60.00 98.20 14.65 226 06/11/14-20:36:04
43 38.09 60.00 98.60 14.40 234 06/11/14-20:37:06
44 41.02 60.00 98.50 14.40 238 06/11/14-20:38:09
45 38.57 61.00 98.60 14.65 235 06/11/14-20:39:11
46 39.55 61.00 98.90 13.84 234 06/11/14-20:40:14
47 39.06 62.00 98.90 13.84 232 06/11/14-20:41:17
48 38.09 61.00 99.00 13.76 232 06/11/14-20:42:19
49 40.04 61.00 98.70 13.92 235 06/11/14-20:43:22
50 38.57 64.00 98.90 16.32 235 06/11/14-20:44:25
51 39.06 61.00 99.40 23.56 233 06/11/14-20:45:27
52 39.55 61.00 98.60 24.20 234 06/11/14-20:46:29
53 38.09 62.00 99.10 24.85 238 06/11/14-20:47:32
54 38.57 61.00 98.80 26.19 238 06/11/14-20:48:35
55 39.55 61.00 98.90 24.85 243 06/11/14-20:49:37
56 39.55 62.00 99.00 25.74 240 06/11/14-20:50:39
57 38.09 62.00 98.90 25.29 240 06/11/14-20:51:42
58 38.09 64.00 99.10 25.18 235 06/11/14-20:52:44
59 39.06 62.00 99.00 25.52 236 06/11/14-20:53:47
60 39.55 62.00 98.70 24.74 240 06/11/14-20:54:50
61 39.55 64.00 98.80 24.10 240 06/11/14-20:55:52
62 39.55 62.00 98.60 24.20 240 06/11/14-20:56:55
63 39.55 62.00 98.70 25.96 238 06/11/14-20:57:57
64 38.57 62.00 98.70 25.52 235 06/11/14-20:58:59
65 37.60 62.00 98.80 25.52 237 06/11/14-21:00:02
66 39.06 62.00 98.80 24.31 241 06/11/14-21:01:05
67 37.60 62.00 98.70 24.96 241 06/11/14-21:02:07
68 39.55 62.00 99.20 26.19 241 06/11/14-21:03:09
69 38.57 62.00 98.80 24.74 243 06/11/14-21:04:12
70 40.04 62.00 99.10 24.74 243 06/11/14-21:05:14
71 39.06 62.00 99.00 25.63 244 06/11/14-21:06:16
72 37.60 62.00 99.00 25.74 244 06/11/14-21:07:20
73 38.09 62.00 98.90 24.53 250 06/11/14-21:08:22
74 39.55 62.00 98.80 24.20 245 06/11/14-21:09:24
75 38.09 63.00 98.70 24.31 242 06/11/14-21:10:27
76 39.55 62.00 98.80 24.74 242 06/11/14-21:11:29
77 39.55 65.00 98.90 25.63 243 06/11/14-21:12:31
78 39.55 63.00 98.70 24.42 242 06/11/14-21:13:34
79 38.09 63.00 98.80 26.08 244 06/11/14-21:14:37
80 39.55 63.00 98.90 25.74 248 06/11/14-21:15:39
81 39.55 63.00 98.80 23.78 246 06/11/14-21:16:41
82 39.06 63.00 98.60 23.99 244 06/11/14-21:17:44
83 38.57 63.00 99.00 25.63 243 06/11/14-21:18:46
84 39.55 62.00 98.40 24.74 246 06/11/14-21:19:49
85 38.57 63.00 99.00 24.20 246 06/11/14-21:20:52
86 39.55 63.00 98.70 24.31 246 06/11/14-21:21:54
87 39.06 63.00 99.00 25.41 249 06/11/14-21:22:56
88 39.55 63.00 98.60 25.52 248 06/11/14-21:23:58
89 38.09 63.00 98.90 24.10 252 06/11/14-21:25:01
90 39.55 63.00 98.80 25.18 251 06/11/14-21:26:03
91 38.09 63.00 98.70 24.42 251 06/11/14-21:27:07
92 39.06 65.00 98.80 24.64 248 06/11/14-21:28:10
93 38.57 64.00 98.80 15.89 249 06/11/14-21:29:12
94 37.60 65.00 98.60 15.14 247 06/11/14-21:30:14
95 39.55 64.00 99.00 16.32 243 06/11/14-21:31:17
96 38.09 64.00 98.90 15.81 244 06/11/14-21:32:19
97 39.55 64.00 98.80 16.06 244 06/11/14-21:33:22
98 40.04 63.00 98.50 15.98 245 06/11/14-21:34:25
99 38.57 64.00 99.00 16.41 247 06/11/14-21:35:28
100 38.57 63.00 98.80 7.46 244 06/11/14-21:36:30
101 39.55 63.00 99.10 7.72 244 06/11/14-21:37:33
102 39.06 63.00 98.80 7.85 244 06/11/14-21:38:35
103 39.55 62.00 98.90 7.72 243 06/11/14-21:39:37
104 38.09 62.00 98.80 7.98 243 06/11/14-21:40:41
105 39.55 62.00 99.00 7.92 240 06/11/14-21:41:43
106 38.09 62.00 98.50 7.92 239 06/11/14-21:42:46
107 40.04 62.00 98.70 7.66 240 06/11/14-21:43:48
108 40.04 62.00 98.50 7.85 243 06/11/14-21:44:50
109 38.57 63.00 98.70 7.66 243 06/11/14-21:45:53
110 40.04 63.00 98.50 8.05 243 06/11/14-21:46:56
111 40.04 63.00 98.50 8.05 246 06/11/14-21:47:59
112 38.57 63.00 98.10 8.05 244 06/11/14-21:49:01
113 39.55 63.00 98.50 8.12 243 06/11/14-21:50:03
114 39.55 63.00 98.50 7.92 243 06/11/14-21:51:06
115 39.06 62.00 98.00 7.72 243 06/11/14-21:52:08
116 38.57 63.00 98.20 8.12 244 06/11/14-21:53:11
117 38.09 66.00 98.70 7.92 242 06/11/14-21:54:14
118 39.55 63.00 98.10 7.66 241 06/11/14-21:55:16
119 39.55 63.00 98.30 12.67 241 06/11/14-21:56:18
120 38.09 63.00 98.20 3.95 241 06/11/14-21:57:21
121 40.04 63.00 98.80 14.16 242 06/11/14-21:58:23
122 39.55 63.00 98.40 3.95 241 06/11/14-21:59:26
123 40.04 63.00 98.60 4.12 245 06/11/14-22:00:28
124 38.57 63.00 98.30 4.07 246 06/11/14-22:01:31
125 39.55 63.00 98.50 3.89 245 06/11/14-22:02:33
126 39.06 62.00 98.50 4.07 245 06/11/14-22:03:36
127 39.55 62.00 98.50 4.01 245 06/11/14-22:04:38
128 38.09 61.00 98.30 4.01 244 06/11/14-22:05:41
129 40.04 60.00 98.30 4.01 244 06/11/14-22:06:43
130 40.04 59.00 98.20 4.01 244 06/11/14-22:07:46
131 38.57 59.00 98.50 3.95 243 06/11/14-22:08:48
132 39.55 59.00 98.20 3.95 243 06/11/14-22:09:51
133 40.04 58.00 98.40 4.12 243 06/11/14-22:10:53
134 39.55 58.00 98.10 4.07 242 06/11/14-22:11:56
135 39.55 58.00 98.40 3.95 243 06/11/14-22:12:59
136 39.55 58.00 98.10 4.01 243 06/11/14-22:14:01
137 38.09 58.00 98.20 3.95 243 06/11/14-22:15:03
138 38.57 58.00 98.30 4.01 242 06/11/14-22:16:06
139 38.09 57.00 98.50 4.01 242 06/11/14-22:17:09
140 38.09 57.00 98.40 4.01 242 06/11/14-22:18:12
141 39.55 58.00 98.40 4.01 241 06/11/14-22:19:14
142 39.55 57.00 98.60 4.18 241 06/11/14-22:20:17
143 40.04 57.00 98.40 4.01 240 06/11/14-22:21:19
144 38.09 57.00 98.40 4.01 239 06/11/14-22:22:21
145 39.55 56.00 98.20 4.07 238 06/11/14-22:23:24
146 39.55 56.00 98.30 4.01 237 06/11/14-22:24:28
147 39.06 55.00 98.40 4.07 236 06/11/14-22:25:30
148 38.57 60.00 98.50 4.01 236 06/11/14-22:26:32
149 38.57 58.00 98.40 4.07 235 06/11/14-22:27:35
150 39.06 55.00 98.70 4.07 233 06/11/14-22:28:37
151 38.09 55.00 98.10 4.07 233 06/11/14-22:29:39
152 39.06 58.00 98.50 4.07 232 06/11/14-22:30:42
153 38.57 55.00 98.10 4.07 231 06/11/14-22:31:45
154 38.09 54.00 98.60 4.07 231 06/11/14-22:32:47
155 38.57 54.00 98.30 4.07 230 06/11/14-22:33:50
156 39.06 54.00 98.40 4.07 229 06/11/14-22:34:52
157 39.55 58.00 98.20 4.01 229 06/11/14-22:35:54
158 39.06 53.00 98.30 4.01 228 06/11/14-22:36:57
159 39.06 53.00 98.40 4.07 228 06/11/14-22:38:00
160 39.06 53.00 98.60 4.18 228 06/11/14-22:39:02
161 38.57 50.00 98.20 4.01 229 06/11/14-22:40:04
162 38.57 51.00 98.40 4.07 228 06/11/14-22:41:07
163 38.57 51.00 98.50 4.07 229 06/11/14-22:42:09
164 38.57 52.00 98.40 4.01 230 06/11/14-22:43:12
165 39.55 50.00 98.20 4.01 228 06/11/14-22:44:15
166 38.57 52.00 98.50 4.07 229 06/11/14-22:45:17
167 39.55 58.00 98.50 4.07 229 06/11/14-22:46:20
168 39.06 55.00 98.50 4.01 228 06/11/14-22:47:22
169 38.09 49.00 98.30 4.01 229 06/11/14-22:48:24
170 39.55 57.00 98.20 4.01 229 06/11/14-22:49:27
171 38.57 53.00 98.50 4.07 230 06/11/14-22:50:30
172 39.06 53.00 98.80 4.07 230 06/11/14-22:51:32
173 39.06 49.00 98.20 4.07 230 06/11/14-22:52:35
174 39.55 51.00 98.20 4.07 231 06/11/14-22:53:37
175 39.55 51.00 98.60 4.07 231 06/11/14-22:54:39
176 39.55 49.00 98.40 4.07 231 06/11/14-22:55:42
177 40.04 49.00 98.30 4.01 232 06/11/14-22:56:45
178 39.55 50.00 98.50 4.07 233 06/11/14-22:57:47
179 39.55 49.00 98.30 4.01 234 06/11/14-22:58:49
180 39.06 56.00 98.00 4.01 234 06/11/14-22:59:51
181 39.55 55.00 98.30 4.07 235 06/11/14-23:00:54
182 39.55 58.00 98.10 4.01 235 06/11/14-23:01:56
183 39.06 55.00 98.40 4.07 236 06/11/14-23:02:59
184 40.04 49.00 98.10 4.07 236 06/11/14-23:04:02
185 37.60 49.00 98.20 4.07 235 06/11/14-23:05:04
186 39.55 49.00 98.10 3.95 236 06/11/14-23:06:07
187 39.06 48.00 98.40 4.07 236 06/11/14-23:07:10
188 39.55 57.00 98.40 4.01 236 06/11/14-23:08:12
189 39.55 49.00 98.60 4.01 235 06/11/14-23:09:16
190 38.09 49.00 98.40 4.01 236 06/11/14-23:10:18
191 39.55 48.00 98.40 4.12 236 06/11/14-23:11:20
192 39.55 49.00 98.40 4.01 236 06/11/14-23:12:23
193 38.57 56.00 98.30 4.01 235 06/11/14-23:13:25
194 38.57 49.00 98.40 4.12 236 06/11/14-23:14:28
195 39.06 49.00 98.10 4.12 235 06/11/14-23:15:31
196 38.09 49.00 98.30 4.01 236 06/11/14-23:16:34
197 40.04 59.00 98.30 4.07 236 06/11/14-23:17:36
198 38.09 53.00 98.60 4.07 237 06/11/14-23:18:38
199 37.60 50.00 98.60 4.12 238 06/11/14-23:19:40
200 39.06 49.00 98.40 4.01 239 06/11/14-23:20:43
201 39.55 51.00 98.00 4.07 238 06/11/14-23:21:45
202 39.55 50.00 98.20 4.01 239 06/11/14-23:22:49
203 39.55 51.00 98.50 4.12 239 06/11/14-23:23:52
204 39.55 57.00 98.10 4.01 239 06/11/14-23:24:54
205 38.57 49.00 98.50 4.07 239 06/11/14-23:25:57
206 38.09 55.00 97.90 4.01 239 06/11/14-23:26:59
207 38.09 51.00 98.60 4.07 240 06/11/14-23:28:01
208 39.06 53.00 98.40 4.07 241 06/11/14-23:29:04
209 39.55 51.00 98.50 4.12 241 06/11/14-23:30:06
210 38.57 50.00 98.40 4.07 241 06/11/14-23:31:09
211 38.57 51.00 98.70 4.07 241 06/11/14-23:32:11
212 39.55 54.00 98.40 4.01 241 06/11/14-23:33:13
213 39.55 58.00 98.50 4.12 240 06/11/14-23:34:16
214 37.60 56.00 98.30 4.01 241 06/11/14-23:35:19
215 38.09 52.00 98.30 4.07 241 06/11/14-23:36:21
216 38.57 50.00 98.20 4.07 241 06/11/14-23:37:24
217 37.60 53.00 98.30 4.01 241 06/11/14-23:38:26
218 39.55 51.00 98.40 4.12 242 06/11/14-23:39:29
219 39.55 57.00 98.50 4.12 242 06/11/14-23:40:31
220 38.09 58.00 98.40 4.12 242 06/11/14-23:41:34
221 39.55 51.00 98.40 4.01 242 06/11/14-23:42:37
222 39.55 52.00 98.20 4.07 242 06/11/14-23:43:39
223 38.57 53.00 98.30 4.07 243 06/11/14-23:44:42
224 38.57 50.00 98.40 4.07 244 06/11/14-23:45:44
225 39.55 55.00 98.20 4.07 242 06/11/14-23:46:46
226 40.04 50.00 98.10 4.07 243 06/11/14-23:47:49
227 39.06 55.00 98.10 4.07 243 06/11/14-23:48:51
228 37.60 51.00 98.20 4.07 243 06/11/14-23:49:54
229 38.57 51.00 98.70 4.07 244 06/11/14-23:50:56
230 37.60 50.00 98.10 4.01 244 06/11/14-23:51:58
231 39.06 53.00 98.30 4.01 244 06/11/14-23:53:01
232 39.06 51.00 98.50 4.07 244 06/11/14-23:54:04
233 38.57 51.00 98.40 4.12 245 06/11/14-23:55:06
234 39.55 50.00 98.60 4.07 245 06/11/14-23:56:09
235 38.57 56.00 98.40 4.12 246 06/11/14-23:57:11
236 38.57 50.00 98.40 4.01 246 06/11/14-23:58:14
237 39.06 50.00 98.20 4.07 245 06/11/14-23:59:16
238 38.57 50.00 98.40 4.07 246 06/12/14-00:00:19
239 37.60 54.00 98.10 4.12 246 06/12/14-00:01:22
240 39.06 50.00 98.30 4.01 246 06/12/14-00:02:25
241 39.06 57.00 98.10 4.07 246 06/12/14-00:03:28
242 39.06 52.00 98.60 4.01 246 06/12/14-00:04:30
243 39.06 50.00 98.30 4.01 246 06/12/14-00:05:32
244 39.06 52.00 98.30 4.01 247 06/12/14-00:06:34
245 39.06 50.00 98.30 4.12 248 06/12/14-00:07:37
246 37.60 50.00 98.60 4.12 247 06/12/14-00:08:39
247 37.60 49.00 98.40 4.12 248 06/12/14-00:09:42
248 39.55 50.00 98.10 4.07 248 06/12/14-00:10:44
249 39.55 49.00 98.40 3.95 249 06/12/14-00:11:47
250 39.06 49.00 98.50 4.18 248 06/12/14-00:12:49
251 39.06 50.00 98.00 4.12 249 06/12/14-00:13:52
252 38.57 55.00 98.20 4.01 250 06/12/14-00:14:54
253 37.60 49.00 98.30 4.12 251 06/12/14-00:15:57
254 39.06 54.00 98.60 4.12 252 06/12/14-00:16:59
255 38.09 48.00 98.20 4.12 253 06/12/14-00:18:02
256 39.55 55.00 98.60 4.12 254 06/12/14-00:19:04
257 37.60 49.00 98.60 4.07 255 06/12/14-00:20:07
258 38.57 50.00 98.30 4.01 256 06/12/14-00:21:10
259 37.60 49.00 98.00 4.12 257 06/12/14-00:22:12
260 39.55 53.00 98.30 4.07 257 06/12/14-00:23:14
261 39.06 49.00 98.20 4.12 257 06/12/14-00:24:17
262 39.55 51.00 98.40 4.01 258 06/12/14-00:25:19
263 39.55 48.00 98.50 4.07 256 06/12/14-00:26:23
264 37.60 49.00 98.50 4.12 256 06/12/14-00:27:26
265 39.55 54.00 98.20 4.12 255 06/12/14-00:28:28
266 38.09 48.00 98.20 4.18 255 06/12/14-00:29:30
267 37.60 48.00 98.50 4.01 255 06/12/14-00:30:32
268 37.11 48.00 98.20 4.07 255 06/12/14-00:31:35
269 37.11 57.00 98.60 4.12 253 06/12/14-00:32:38
270 39.06 48.00 98.50 4.18 251 06/12/14-00:33:40
271 38.57 50.00 98.20 4.12 251 06/12/14-00:34:43
272 37.11 48.00 97.80 4.07 250 06/12/14-00:35:45
273 39.06 49.00 98.10 4.01 249 06/12/14-00:36:48
274 37.60 47.00 98.50 4.01 248 06/12/14-00:37:50
275 39.06 50.00 98.20 4.01 246 06/12/14-00:38:53
276 39.06 47.00 98.40 4.18 245 06/12/14-00:39:56
277 37.60 48.00 98.30 4.01 244 06/12/14-00:40:58
278 39.06 47.00 98.50 4.07 243 06/12/14-00:42:00
279 37.60 55.00 98.10 4.12 243 06/12/14-00:43:03
280 39.06 48.00 98.30 4.12 242 06/12/14-00:44:05
281 38.09 48.00 98.50 4.12 241 06/12/14-00:45:08
282 37.11 48.00 98.60 4.01 242 06/12/14-00:46:10
283 39.06 48.00 98.20 4.12 241 06/12/14-00:47:13
284 38.57 48.00 98.40 4.12 242 06/12/14-00:48:15
285 38.57 47.00 98.40 4.12 243 06/12/14-00:49:18
286 37.60 47.00 98.40 4.12 243 06/12/14-00:50:20
287 39.55 48.00 98.40 4.07 243 06/12/14-00:51:23
288 39.55 48.00 98.40 4.18 242 06/12/14-00:52:26
289 39.06 47.00 98.10 4.01 242 06/12/14-00:53:29
290 39.06 48.00 98.50 4.12 242 06/12/14-00:54:32
291 38.57 47.00 98.40 4.07 240 06/12/14-00:55:34
292 39.06 47.00 98.50 4.07 239 06/12/14-00:56:37
293 38.57 47.00 98.20 4.12 238 06/12/14-00:57:39
294 37.60 48.00 98.40 4.01 238 06/12/14-00:58:42
295 38.57 48.00 98.40 4.07 236 06/12/14-00:59:45
296 39.06 46.00 98.10 4.12 235 06/12/14-01:00:48
297 38.09 47.00 98.20 4.18 234 06/12/14-01:01:50
298 39.06 46.00 98.00 4.12 234 06/12/14-01:02:53
299 38.57 47.00 98.40 4.01 233 06/12/14-01:03:55
300 39.06 46.00 98.40 4.07 233 06/12/14-01:04:58
301 38.57 48.00 98.50 4.12 233 06/12/14-01:06:00
302 38.57 46.00 98.50 4.18 233 06/12/14-01:07:03
303 38.57 46.00 98.30 4.12 231 06/12/14-01:08:05
304 38.57 55.00 98.00 4.24 232 06/12/14-01:09:07
305 39.06 46.00 98.30 4.07 232 06/12/14-01:10:10
306 37.60 46.00 98.50 4.12 232 06/12/14-01:11:13
307 38.57 56.00 98.40 4.12 232 06/12/14-01:12:16
308 38.09 47.00 98.40 4.12 232 06/12/14-01:13:18
309 38.57 46.00 99.60 4.12 232 06/12/14-01:14:20
310 37.60 47.00 98.30 4.07 231 06/12/14-01:15:23
311 38.09 46.00 98.40 4.12 231 06/12/14-01:16:25
312 38.57 46.00 98.00 4.18 231 06/12/14-01:17:29
313 38.57 47.00 98.30 4.12 232 06/12/14-01:18:31
314 39.06 47.00 98.20 4.12 232 06/12/14-01:19:33
315 39.06 46.00 98.00 4.12 232 06/12/14-01:20:36
316 39.06 47.00 98.20 4.12 232 06/12/14-01:21:38
317 39.06 46.00 98.10 4.07 231 06/12/14-01:22:40
318 38.57 45.00 98.20 4.18 231 06/12/14-01:23:44
319 38.09 46.00 98.20 4.12 231 06/12/14-01:24:46
320 39.06 45.00 98.40 4.12 231 06/12/14-01:25:48
321 38.57 46.00 98.30 4.24 231 06/12/14-01:26:51
322 38.57 46.00 98.20 4.12 232 06/12/14-01:27:53
323 39.06 56.00 98.10 4.07 232 06/12/14-01:28:56
324 38.57 47.00 98.20 4.18 232 06/12/14-01:29:59
325 38.09 46.00 98.20 4.12 233 06/12/14-01:31:01
326 38.57 46.00 98.10 4.12 233 06/12/14-01:32:04
327 39.55 45.00 98.00 4.07 234 06/12/14-01:33:06
328 38.57 55.00 98.10 4.12 236 06/12/14-01:34:08
329 37.60 56.00 98.10 3.95 235 06/12/14-01:35:11
330 39.06 46.00 98.10 4.01 237 06/12/14-01:36:14
331 37.60 54.00 98.00 4.12 238 06/12/14-01:37:16
332 37.60 56.00 97.90 4.07 237 06/12/14-01:38:19
333 37.60 47.00 98.20 4.18 237 06/12/14-01:39:21
334 37.60 47.00 98.30 4.12 238 06/12/14-01:40:23
335 37.60 47.00 98.00 4.12 238 06/12/14-01:41:26
336 39.55 47.00 98.40 4.18 238 06/12/14-01:42:29
337 39.06 47.00 98.00 4.12 239 06/12/14-01:43:32
338 38.57 46.00 98.50 4.12 239 06/12/14-01:44:34
339 38.57 46.00 98.10 4.18 240 06/12/14-01:45:37
340 38.57 49.00 98.30 4.12 238 06/12/14-01:46:39
341 39.06 48.00 98.40 4.12 239 06/12/14-01:47:42
342 39.06 50.00 98.40 4.18 240 06/12/14-01:48:44
343 39.55 49.00 98.10 4.18 239 06/12/14-01:49:48
344 39.06 55.00 98.40 4.07 240 06/12/14-01:50:50
345 38.09 55.00 98.10 4.18 240 06/12/14-01:51:52
346 38.57 46.00 98.30 4.18 240 06/12/14-01:52:55
347 39.06 47.00 98.30 4.12 240 06/12/14-01:53:57
348 38.57 53.00 98.10 4.07 240 06/12/14-01:55:00
349 38.57 47.00 98.10 4.07 240 06/12/14-01:56:03
350 39.06 47.00 98.10 4.01 240 06/12/14-01:57:05
351 39.06 46.00 98.10 4.12 240 06/12/14-01:58:07
352 38.09 45.00 97.90 4.18 240 06/12/14-01:59:10
353 39.06 46.00 97.70 4.12 239 06/12/14-02:00:12
354 38.57 49.00 98.30 4.07 240 06/12/14-02:01:15
355 39.06 46.00 98.50 4.12 240 06/12/14-02:02:18
356 39.06 46.00 98.20 4.18 240 06/12/14-02:03:21
357 38.57 47.00 98.20 4.18 240 06/12/14-02:04:23
358 39.06 47.00 98.20 4.12 240 06/12/14-02:05:26
359 38.57 47.00 98.10 4.12 239 06/12/14-02:06:28
360 39.06 47.00 98.10 4.18 239 06/12/14-02:07:30
361 39.06 47.00 98.10 4.01 239 06/12/14-02:08:34
362 39.06 57.00 98.40 4.18 238 06/12/14-02:09:36
363 37.60 46.00 98.20 4.12 239 06/12/14-02:10:38
364 38.09 47.00 98.20 4.07 238 06/12/14-02:11:40
365 38.57 47.00 97.90 4.12 238 06/12/14-02:12:43
366 37.60 46.00 98.40 4.12 237 06/12/14-02:13:45
367 38.09 48.00 98.10 4.12 236 06/12/14-02:14:48
368 38.09 45.00 97.90 4.12 237 06/12/14-02:15:51
369 39.06 47.00 98.10 4.07 237 06/12/14-02:16:53
370 38.57 45.00 98.30 4.12 238 06/12/14-02:17:56
371 38.09 52.00 97.90 3.95 238 06/12/14-02:18:59
372 39.55 52.00 97.00 4.18 237 06/12/14-02:20:01
373 38.57 47.00 98.00 4.12 238 06/12/14-02:21:05
374 37.60 53.00 98.20 4.12 239 06/12/14-02:22:07
375 37.60 46.00 98.10 4.18 239 06/12/14-02:23:10
376 37.60 47.00 98.50 4.18 240 06/12/14-02:24:12
377 37.11 47.00 98.20 4.12 240 06/12/14-02:25:14
378 38.57 47.00 98.20 4.18 240 06/12/14-02:26:17
379 38.09 46.00 97.80 4.18 241 06/12/14-02:27:20
380 37.60 47.00 98.20 4.18 241 06/12/14-02:28:22
381 37.60 47.00 98.20 4.18 243 06/12/14-02:29:24
382 38.57 46.00 97.80 4.07 242 06/12/14-02:30:27
383 38.09 47.00 98.40 4.18 242 06/12/14-02:31:29
384 39.06 47.00 98.00 4.12 243 06/12/14-02:32:32
385 38.57 47.00 98.20 4.12 244 06/12/14-02:33:35
386 38.57 47.00 98.00 4.18 244 06/12/14-02:34:37
387 39.06 52.00 98.00 4.12 244 06/12/14-02:35:40
388 37.60 47.00 98.00 4.12 245 06/12/14-02:36:42
389 38.57 53.00 97.90 4.07 245 06/12/14-02:37:45
390 37.11 47.00 98.20 4.07 247 06/12/14-02:38:47
391 39.06 47.00 98.00 4.12 246 06/12/14-02:39:49
392 39.55 47.00 98.20 4.18 247 06/12/14-02:40:53
393 39.06 47.00 98.00 4.12 247 06/12/14-02:41:56
394 36.62 46.00 98.00 4.12 248 06/12/14-02:42:58
395 37.11 47.00 98.20 4.18 249 06/12/14-02:44:01
396 38.57 47.00 97.90 4.24 251 06/12/14-02:45:03
397 38.57 50.00 97.90 4.29 251 06/12/14-02:46:05
398 39.06 46.00 98.10 4.12 251 06/12/14-02:47:09
399 38.09 57.00 98.40 4.41 250 06/12/14-02:48:12
400 37.60 50.00 97.90 4.12 251 06/12/14-02:49:14
401 37.11 46.00 98.00 4.12 252 06/12/14-02:50:17
402 37.60 46.00 98.00 4.12 251 06/12/14-02:51:19
403 38.57 47.00 97.60 4.12 251 06/12/14-02:52:22
404 39.06 47.00 98.10 4.07 251 06/12/14-02:53:25
405 36.62 53.00 97.90 4.18 252 06/12/14-02:54:27
406 37.11 47.00 97.90 4.12 251 06/12/14-02:55:30
407 39.06 47.00 98.10 4.12 252 06/12/14-02:56:32
408 38.57 47.00 98.10 4.18 252 06/12/14-02:57:35
409 37.11 47.00 98.00 4.12 253 06/12/14-02:58:37
410 39.06 47.00 98.10 4.18 253 06/12/14-02:59:40
411 38.57 47.00 97.70 4.12 254 06/12/14-03:00:42
412 37.11 56.00 98.20 4.18 254 06/12/14-03:01:44
413 37.11 47.00 97.90 4.24 256 06/12/14-03:02:47
414 37.11 47.00 98.10 4.12 255 06/12/14-03:03:49
415 38.57 47.00 97.90 4.12 256 06/12/14-03:04:51
416 38.57 55.00 98.00 4.18 257 06/12/14-03:05:55
417 38.57 47.00 98.10 4.18 258 06/12/14-03:06:57
418 38.57 48.00 98.20 4.24 257 06/12/14-03:07:59
419 38.57 47.00 97.90 4.24 257 06/12/14-03:09:02
420 36.62 47.00 97.80 4.18 257 06/12/14-03:10:04
421 38.57 47.00 97.90 4.12 257 06/12/14-03:11:07
422 39.06 47.00 98.10 4.18 257 06/12/14-03:12:10
423 37.60 47.00 97.90 4.18 258 06/12/14-03:13:13
424 36.13 47.00 98.20 4.18 259 06/12/14-03:14:15
425 36.62 47.00 98.00 4.18 259 06/12/14-03:15:17
426 36.62 52.00 98.10 4.18 259 06/12/14-03:16:20
427 38.57 49.00 97.80 4.18 259 06/12/14-03:17:22
428 38.57 47.00 98.40 4.12 258 06/12/14-03:18:25
429 37.60 46.00 98.10 4.18 258 06/12/14-03:19:28
430 38.09 47.00 97.80 4.29 257 06/12/14-03:20:30
431 37.11 47.00 98.20 4.29 259 06/12/14-03:21:32
432 38.57 47.00 98.10 4.18 259 06/12/14-03:22:35
433 37.11 48.00 97.70 4.24 261 06/12/14-03:23:37
434 38.57 47.00 97.60 4.24 264 06/12/14-03:24:40
435 38.57 55.00 97.80 4.18 263 06/12/14-03:25:43
436 37.11 56.00 98.00 4.29 265 06/12/14-03:26:45
437 37.11 47.00 97.90 4.18 267 06/12/14-03:27:48
438 38.09 47.00 97.70 4.24 267 06/12/14-03:28:51
439 36.13 47.00 97.90 4.24 268 06/12/14-03:29:53
440 35.64 47.00 97.80 4.12 268 06/12/14-03:30:56
441 36.13 52.00 97.60 4.29 269 06/12/14-03:31:59
442 38.09 47.00 97.80 4.24 270 06/12/14-03:33:02
443 38.57 52.00 97.80 4.29 268 06/12/14-03:34:04
444 38.09 47.00 97.80 4.24 269 06/12/14-03:35:07
445 38.57 47.00 97.80 4.29 270 06/12/14-03:36:09
446 35.64 48.00 97.70 4.18 269 06/12/14-03:37:11
447 36.13 47.00 97.80 4.29 268 06/12/14-03:38:15
448 36.62 47.00 98.00 4.29 266 06/12/14-03:39:17
449 36.13 47.00 98.00 4.29 265 06/12/14-03:40:19
450 38.57 47.00 98.00 4.29 264 06/12/14-03:41:21
451 38.57 47.00 97.60 4.29 264 06/12/14-03:42:24
452 38.57 47.00 97.60 4.35 263 06/12/14-03:43:26
453 36.13 56.00 97.70 4.35 262 06/12/14-03:44:29
454 36.13 47.00 97.90 4.35 263 06/12/14-03:45:32
455 38.09 47.00 97.80 4.41 261 06/12/14-03:46:34
456 36.62 57.00 97.90 4.41 261 06/12/14-03:47:36
457 36.62 49.00 97.90 4.47 261 06/12/14-03:48:39
458 36.62 47.00 97.50 4.47 260 06/12/14-03:49:41
459 38.57 49.00 97.70 4.53 259 06/12/14-03:50:44
460 38.09 57.00 97.90 4.64 259 06/12/14-03:51:47
461 37.11 48.00 97.70 4.64 260 06/12/14-03:52:49
462 36.13 47.00 97.50 4.70 260 06/12/14-03:53:51
463 36.13 47.00 97.70 4.76 259 06/12/14-03:54:54
464 38.09 47.00 97.90 5.77 259 06/12/14-03:55:56
465 38.57 48.00 97.70 5.83 258 06/12/14-03:56:59
466 37.11 47.00 98.00 5.96 257 06/12/14-03:58:01
467 38.57 47.00 98.00 6.26 256 06/12/14-03:59:03
468 38.09 56.00 97.70 6.39 256 06/12/14-04:00:06
469 36.13 56.00 98.00 6.64 258 06/12/14-04:01:08
470 35.64 56.00 98.10 6.89 258 06/12/14-04:02:10
471 38.09 47.00 98.40 7.21 259 06/12/14-04:03:14
472 38.09 47.00 97.70 7.66 260 06/12/14-04:04:16
473 38.57 47.00 97.80 7.66 260 06/12/14-04:05:19
474 38.57 47.00 97.50 8.18 260 06/12/14-04:06:21
475 38.57 50.00 97.40 8.72 261 06/12/14-04:07:24
476 38.09 47.00 98.00 9.54 261 06/12/14-04:08:26
477 38.57 47.00 97.60 10.09 262 06/12/14-04:09:29
478 35.64 47.00 98.00 11.24 263 06/12/14-04:10:32
479 38.09 47.00 97.90 12.06 263 06/12/14-04:11:34
480 38.09 47.00 97.70 13.05 263 06/12/14-04:12:37
481 37.60 47.00 97.90 14.00 262 06/12/14-04:13:39
482 38.09 48.00 98.00 15.06 262 06/12/14-04:14:41
483 37.60 46.00 97.80 16.41 263 06/12/14-04:15:44
484 38.57 56.00 97.70 17.64 262 06/12/14-04:16:47
485 38.09 47.00 97.50 19.19 263 06/12/14-04:17:50
486 36.62 47.00 97.40 20.72 264 06/12/14-04:18:52
487 37.60 47.00 97.80 22.21 264 06/12/14-04:19:55
488 36.13 47.00 98.00 23.56 263 06/12/14-04:20:57
489 35.64 47.00 97.90 25.52 262 06/12/14-04:21:59
490 38.09 55.00 97.90 27.22 261 06/12/14-04:23:02
491 37.11 49.00 97.90 29.13 261 06/12/14-04:24:05
492 36.62 47.00 97.80 34.35 261 06/12/14-04:25:07
493 35.64 48.00 98.10 33.25 267 06/12/14-04:26:10
494 35.64 47.00 98.10 35.33 264 06/12/14-04:27:12
495 36.62 47.00 97.60 37.37 266 06/12/14-04:28:15
496 37.60 46.00 97.90 39.51 265 06/12/14-04:29:18
497 38.09 52.00 97.50 41.76 264 06/12/14-04:30:21
498 35.64 47.00 98.00 46.79 267 06/12/14-04:31:23
499 38.09 47.00 98.00 49.61 266 06/12/14-04:32:26
500 35.64 47.00 98.10 51.39 266 06/12/14-04:33:28
501 37.60 47.00 97.30 53.64 269 06/12/14-04:34:30
502 34.67 47.00 97.90 54.92 272 06/12/14-04:35:33
503 37.11 47.00 97.90 56.45 273 06/12/14-04:36:36
504 38.09 47.00 97.80 58.02 272 06/12/14-04:37:38
505 37.60 47.00 97.60 59.40 271 06/12/14-04:38:40
506 38.57 47.00 97.90 61.06 272 06/12/14-04:39:43
507 37.11 47.00 97.70 63.02 269 06/12/14-04:40:45
508 38.09 47.00 97.70 64.80 267 06/12/14-04:41:48
509 35.64 47.00 97.80 66.63 269 06/12/14-04:42:51
510 38.09 47.00 97.80 67.97 270 06/12/14-04:43:53
511 38.09 47.00 97.90 70.19 271 06/12/14-04:44:55
512 37.11 47.00 97.80 72.49 270 06/12/14-04:45:58
513 38.09 47.00 97.60 74.88 270 06/12/14-04:47:00
514 38.09 47.00 98.20 76.11 275 06/12/14-04:48:04
515 35.64 46.00 97.40 77.36 272 06/12/14-04:49:06
516 38.09 47.00 97.70 79.29 273 06/12/14-04:50:09
517 36.62 47.00 97.90 80.61 272 06/12/14-04:51:11
518 35.16 46.00 97.50 81.62 272 06/12/14-04:52:14
519 37.60 53.00 98.00 82.99 269 06/12/14-04:53:16
520 35.64 47.00 97.70 84.74 272 06/12/14-04:54:19
521 35.16 47.00 97.90 86.17 269 06/12/14-04:55:22
522 38.09 47.00 97.90 87.27 270 06/12/14-04:56:24
523 35.64 47.00 97.70 89.51 271 06/12/14-04:57:26
524 37.60 56.00 97.80 90.66 270 06/12/14-04:58:28
525 36.13 56.00 97.60 92.62 271 06/12/14-04:59:31
526 38.09 47.00 97.90 93.82 270 06/12/14-05:00:34
527 37.60 47.00 97.40 95.45 270 06/12/14-05:01:36
528 37.11 47.00 98.00 96.71 268 06/12/14-05:02:39
529 37.11 47.00 98.00 97.13 269 06/12/14-05:03:41
530 35.64 47.00 97.70 99.71 268 06/12/14-05:04:44
531 35.16 47.00 97.90 101.03 272 06/12/14-05:05:46
532 35.64 55.00 98.40 102.38 272 06/12/14-05:06:50
533 35.16 47.00 97.80 104.68 278 06/12/14-05:07:52
534 37.60 48.00 98.10 105.15 275 06/12/14-05:08:55
535 38.09 47.00 97.70 107.06 274 06/12/14-05:09:58
536 37.60 47.00 97.80 108.51 273 06/12/14-05:11:00
537 38.09 47.00 97.90 110.50 275 06/12/14-05:12:02
538 38.57 49.00 97.70 112.03 274 06/12/14-05:13:06
539 38.09 46.00 98.20 113.06 275 06/12/14-05:14:08
540 36.62 49.00 97.70 113.58 283 06/12/14-05:15:11
541 38.09 55.00 97.70 113.06 283 06/12/14-05:16:13
542 37.11 47.00 97.70 113.58 281 06/12/14-05:17:16
543 35.16 52.00 97.70 113.06 283 06/12/14-05:18:18
544 36.62 47.00 98.10 117.32 275 06/12/14-05:19:21
545 37.60 49.00 97.60 116.78 287 06/12/14-05:20:24
546 38.57 50.00 98.10 110.50 282 06/12/14-05:21:26
547 35.16 48.00 97.70 110.00 286 06/12/14-05:22:29
548 37.60 47.00 97.50 110.00 282 06/12/14-05:23:31
549 37.60 48.00 98.00 110.00 284 06/12/14-05:24:34
550 38.57 47.00 97.70 110.00 285 06/12/14-05:25:37
551 36.62 47.00 97.90 109.01 285 06/12/14-05:26:39
552 38.57 47.00 97.90 107.06 280 06/12/14-05:27:41
553 34.67 48.00 97.80 107.06 285 06/12/14-05:28:44
554 37.11 57.00 97.90 113.06 281 06/12/14-05:29:46
555 34.67 47.00 97.90 111.51 280 06/12/14-05:30:49
556 35.64 47.00 98.00 105.15 277 06/12/14-05:31:52
557 37.11 55.00 97.80 105.62 280 06/12/14-05:32:54
558 38.57 48.00 97.90 106.58 278 06/12/14-05:33:56
559 38.09 46.00 97.80 107.06 277 06/12/14-05:34:59
560 36.13 47.00 97.70 106.10 275 06/12/14-05:36:01
561 38.09 47.00 97.70 106.10 277 06/12/14-05:37:05
562 38.09 47.00 97.90 106.10 278 06/12/14-05:38:07
563 38.57 47.00 97.50 106.10 276 06/12/14-05:39:09
564 36.13 47.00 97.70 106.58 276 06/12/14-05:40:12
565 38.09 48.00 97.90 107.54 271 06/12/14-05:41:14
566 38.57 46.00 98.00 109.01 272 06/12/14-05:42:17
567 35.64 46.00 98.10 110.50 270 06/12/14-05:43:20
568 35.64 47.00 97.50 112.03 275 06/12/14-05:44:23
569 38.09 47.00 97.80 113.06 273 06/12/14-05:45:25
570 37.60 47.00 97.90 116.78 278 06/12/14-05:46:27
571 37.60 55.00 98.20 117.87 272 06/12/14-05:47:30
572 35.64 47.00 98.10 120.10 275 06/12/14-05:48:32
573 36.62 47.00 98.10 120.10 272 06/12/14-05:49:35
574 38.09 47.00 97.70 120.10 273 06/12/14-05:50:37
575 38.09 47.00 97.70 121.24 275 06/12/14-05:51:40
576 37.60 48.00 98.00 121.24 273 06/12/14-05:52:43
577 38.57 47.00 98.00 121.81 270 06/12/14-05:53:45
578 35.64 56.00 98.30 127.78 271 06/12/14-05:54:48
579 38.09 49.00 97.90 130.28 273 06/12/14-05:55:51
580 38.09 49.00 97.90 131.56 276 06/12/14-05:56:54
581 37.11 47.00 97.90 132.21 272 06/12/14-05:57:56
582 38.57 49.00 98.10 132.86 275 06/12/14-05:58:59
583 37.11 47.00 98.10 134.17 279 06/12/14-06:00:01
584 38.57 47.00 98.30 134.17 277 06/12/14-06:01:04
585 35.64 46.00 97.80 132.86 277 06/12/14-06:02:07
586 38.57 49.00 97.70 129.02 280 06/12/14-06:03:10
587 37.11 47.00 97.90 131.56 279 06/12/14-06:04:13
588 37.60 50.00 97.90 132.21 278 06/12/14-06:05:15
589 38.09 46.00 98.00 132.86 274 06/12/14-06:06:18
590 36.13 47.00 98.30 132.21 273 06/12/14-06:07:20
591 38.57 56.00 98.00 131.56 274 06/12/14-06:08:23
592 38.57 53.00 98.00 134.17 274 06/12/14-06:09:26
593 38.57 50.00 98.00 132.86 271 06/12/14-06:10:28
594 38.57 48.00 98.00 132.21 272 06/12/14-06:11:30
595 37.60 47.00 98.10 131.56 274 06/12/14-06:12:33
596 38.09 49.00 98.10 132.21 275 06/12/14-06:13:35
597 37.60 53.00 98.10 130.92 276 06/12/14-06:14:39
598 38.57 47.00 97.90 131.56 273 06/12/14-06:15:41
599 38.57 47.00 97.80 132.86 273 06/12/14-06:16:43
600 36.62 48.00 98.20 134.84 272 06/12/14-06:17:46
601 36.13 48.00 98.00 136.18 271 06/12/14-06:18:48
602 38.09 46.00 98.30 137.55 270 06/12/14-06:19:51
603 38.57 46.00 98.00 138.93 270 06/12/14-06:20:54
604 36.13 53.00 98.20 139.63 272 06/12/14-06:21:56
605 38.57 47.00 98.10 137.55 270 06/12/14-06:22:58
606 39.06 46.00 98.10 138.93 274 06/12/14-06:24:01
607 36.62 47.00 98.00 138.93 270 06/12/14-06:25:03
608 38.57 47.00 98.10 138.93 270 06/12/14-06:26:05
609 38.57 47.00 98.20 139.63 268 06/12/14-06:27:09
610 37.11 46.00 98.00 140.34 271 06/12/14-06:28:12
611 36.13 46.00 98.10 141.05 268 06/12/14-06:29:14
612 38.57 46.00 98.40 139.63 272 06/12/14-06:30:16
613 36.13 46.00 98.20 138.93 271 06/12/14-06:31:19
614 40.53 47.00 97.60 142.48 271 06/12/14-06:32:22
615 36.13 47.00 97.60 141.05 274 06/12/14-06:33:24
616 36.13 47.00 97.70 138.24 272 06/12/14-06:34:27
617 36.62 47.00 97.80 138.24 273 06/12/14-06:35:29
618 36.13 46.00 97.60 138.93 273 06/12/14-06:36:32
619 38.09 47.00 97.60 141.05 275 06/12/14-06:37:34
620 39.06 47.00 98.00 142.48 274 06/12/14-06:38:37
621 38.57 46.00 97.90 147.68 275 06/12/14-06:39:39
622 36.13 55.00 97.70 150.00 279 06/12/14-06:40:42
623 36.62 52.00 97.90 150.78 278 06/12/14-06:41:44
624 37.11 47.00 97.00 154.80 276 06/12/14-06:42:46
625 37.60 47.00 98.30 153.98 276 06/12/14-06:43:49
626 38.57 47.00 97.70 156.45 279 06/12/14-06:44:52
627 36.13 47.00 97.70 155.62 277 06/12/14-06:45:54
628 36.13 46.00 97.90 150.78 278 06/12/14-06:46:57
629 37.60 47.00 98.00 148.45 277 06/12/14-06:47:59
630 39.06 46.00 98.00 148.45 277 06/12/14-06:49:02
631 37.11 47.00 97.80 150.78 276 06/12/14-06:50:04
632 38.09 47.00 98.20 150.00 274 06/12/14-06:51:08
633 39.55 46.00 97.70 150.00 274 06/12/14-06:52:10
634 36.62 47.00 98.10 147.68 273 06/12/14-06:53:12
635 37.60 51.00 97.70 146.17 273 06/12/14-06:54:15
636 39.06 52.00 98.20 146.17 273 06/12/14-06:55:18
637 38.09 48.00 97.90 145.42 274 06/12/14-06:56:20
638 38.57 48.00 97.60 145.42 276 06/12/14-06:57:23
639 37.11 53.00 97.90 146.92 273 06/12/14-06:58:26
640 37.11 47.00 97.60 150.00 272 06/12/14-06:59:28
641 36.62 47.00 98.00 153.18 272 06/12/14-07:00:30
642 38.57 46.00 98.20 153.98 271 06/12/14-07:01:33
643 38.57 47.00 97.60 156.45 272 06/12/14-07:02:35
644 37.11 46.00 98.20 156.45 273 06/12/14-07:03:39
645 39.06 47.00 98.20 158.13 273 06/12/14-07:04:41
646 39.06 50.00 97.90 155.62 273 06/12/14-07:05:44
647 39.06 46.00 98.80 153.98 273 06/12/14-07:06:46
648 38.57 47.00 98.00 151.58 273 06/12/14-07:07:48
649 38.57 47.00 98.40 155.62 274 06/12/14-07:08:51
650 37.60 46.00 97.70 158.13 274 06/12/14-07:09:54
651 38.57 47.00 98.50 156.45 274 06/12/14-07:10:56
652 38.57 47.00 97.80 162.45 274 06/12/14-07:11:59
653 38.57 47.00 98.40 165.13 273 06/12/14-07:13:01
654 37.11 46.00 98.00 166.03 274 06/12/14-07:14:04
655 38.09 47.00 98.50 172.61 273 06/12/14-07:15:06
656 38.57 47.00 98.30 175.55 275 06/12/14-07:16:09
657 37.11 45.00 98.10 179.60 275 06/12/14-07:17:11
658 37.11 47.00 97.90 178.57 275 06/12/14-07:18:14
659 37.11 47.00 97.80 178.57 277 06/12/14-07:19:16
660 39.06 47.00 97.60 178.57 279 06/12/14-07:20:19
661 36.62 47.00 98.10 180.63 280 06/12/14-07:21:21
662 39.06 46.00 98.10 182.73 280 06/12/14-07:22:24
663 39.55 47.00 98.40 182.73 279 06/12/14-07:23:27
664 39.55 47.00 98.50 185.95 279 06/12/14-07:24:29
665 39.55 52.00 98.20 185.95 285 06/12/14-07:25:31
666 39.06 46.00 98.10 188.14 288 06/12/14-07:26:34
667 38.57 48.00 98.00 188.14 289 06/12/14-07:27:36
668 39.55 46.00 98.30 189.25 285 06/12/14-07:28:40
669 39.55 47.00 97.50 190.38 284 06/12/14-07:29:42
670 37.11 46.00 98.00 191.51 283 06/12/14-07:30:45
671 36.62 46.00 97.80 193.81 283 06/12/14-07:31:47
672 39.55 47.00 98.10 193.81 282 06/12/14-07:32:49
673 38.57 46.00 98.10 194.98 282 06/12/14-07:33:52
674 38.09 46.00 98.00 193.81 284 06/12/14-07:34:55
675 37.11 46.00 97.70 194.98 284 06/12/14-07:35:58
676 39.55 48.00 98.00 193.81 285 06/12/14-07:37:00
677 39.55 46.00 97.80 193.81 285 06/12/14-07:38:02
678 38.09 46.00 98.50 194.98 284 06/12/14-07:39:05
679 36.62 46.00 98.10 193.81 285 06/12/14-07:40:08
680 40.04 49.00 97.70 197.34 284 06/12/14-07:41:11
681 38.09 46.00 98.30 198.54 284 06/12/14-07:42:14
682 36.62 46.00 97.90 200.98 285 06/12/14-07:43:16
683 40.04 46.00 98.30 203.47 283 06/12/14-07:44:19
684 38.09 46.00 97.90 203.47 280 06/12/14-07:45:22
685 40.04 45.00 97.70 207.29 280 06/12/14-07:46:24
686 40.53 46.00 98.20 207.29 312 06/12/14-07:47:27
687 40.53 46.00 98.30 207.29 307 06/12/14-07:48:30
688 37.60 46.00 98.20 206.00 293 06/12/14-07:49:32
689 40.04 51.00 98.20 208.59 288 06/12/14-07:50:34
690 40.04 45.00 98.10 208.59 283 06/12/14-07:51:37
691 39.55 46.00 98.20 211.23 280 06/12/14-07:52:40
692 39.55 46.00 97.90 211.23 278 06/12/14-07:53:42
693 40.04 46.00 98.30 215.29 276 06/12/14-07:54:45
694 38.09 46.00 98.20 216.67 277 06/12/14-07:55:47
695 40.04 47.00 98.30 216.67 277 06/12/14-07:56:49
696 39.55 46.00 98.20 219.47 276 06/12/14-07:57:52
697 40.04 54.00 98.20 220.90 275 06/12/14-07:58:55
698 37.60 48.00 98.10 220.90 278 06/12/14-07:59:57
699 38.09 47.00 98.20 222.34 280 06/12/14-08:01:00
700 38.09 46.00 98.30 222.34 280 06/12/14-08:02:03
701 37.60 46.00 98.30 226.76 282 06/12/14-08:03:05
702 39.55 45.00 98.50 225.27 283 06/12/14-08:04:07
703 40.53 54.00 97.40 226.76 282 06/12/14-08:05:11
704 39.06 55.00 98.10 228.26 281 06/12/14-08:06:13
705 38.09 46.00 97.90 226.76 280 06/12/14-08:07:16
706 40.04 50.00 98.30 229.78 283 06/12/14-08:08:18
707 41.02 46.00 98.00 231.32 282 06/12/14-08:09:20
708 37.60 45.00 98.60 232.87 281 06/12/14-08:10:23
709 40.04 46.00 98.80 234.45 283 06/12/14-08:11:26
710 38.09 49.00 98.30 234.45 283 06/12/14-08:12:28
711 38.57 46.00 98.50 234.45 283 06/12/14-08:13:30
712 38.09 46.00 98.30 237.64 283 06/12/14-08:14:32
713 40.53 46.00 98.30 239.27 282 06/12/14-08:15:35
714 40.53 46.00 98.40 240.91 281 06/12/14-08:16:37
715 40.04 46.00 98.20 240.91 281 06/12/14-08:17:41
716 41.02 46.00 98.40 242.57 281 06/12/14-08:18:43
717 38.09 46.00 98.40 240.91 284 06/12/14-08:19:45
718 40.04 48.00 98.10 242.57 284 06/12/14-08:20:48
719 38.57 45.00 98.30 242.57 284 06/12/14-08:21:50
720 38.09 46.00 98.20 242.57 285 06/12/14-08:22:53
721 41.02 55.00 98.50 240.91 284 06/12/14-08:23:56
722 39.55 52.00 98.50 242.57 287 06/12/14-08:24:59
723 40.53 46.00 98.40 245.95 288 06/12/14-08:26:01
724 41.02 45.00 98.60 247.68 287 06/12/14-08:27:04
725 38.09 49.00 98.60 251.18 289 06/12/14-08:28:06
726 41.02 55.00 98.50 252.96 289 06/12/14-08:29:09
727 40.04 57.00 98.50 254.76 291 06/12/14-08:30:12
728 40.04 46.00 98.30 252.96 292 06/12/14-08:31:15
729 41.02 46.00 98.20 252.96 293 06/12/14-08:32:17
730 41.02 46.00 98.30 254.76 295 06/12/14-08:33:19
731 40.53 55.00 98.80 258.43 295 06/12/14-08:34:22
732 40.53 46.00 98.70 258.43 295 06/12/14-08:35:24
733 40.04 47.00 98.70 262.20 296 06/12/14-08:36:28
734 41.02 46.00 98.70 262.20 296 06/12/14-08:37:30
735 38.57 46.00 98.60 262.20 297 06/12/14-08:38:33
736 38.09 51.00 98.80 264.11 299 06/12/14-08:39:35
737 40.53 55.00 98.30 266.05 296 06/12/14-08:40:37
738 38.09 48.00 98.50 268.01 301 06/12/14-08:41:40
739 41.50 56.00 98.00 268.01 303 06/12/14-08:42:43
740 39.55 46.00 98.60 270.00 306 06/12/14-08:43:45
741 38.09 46.00 98.70 270.00 306 06/12/14-08:44:48
742 37.60 46.00 98.60 270.00 309 06/12/14-08:45:50
743 38.09 47.00 98.40 272.01 310 06/12/14-08:46:53
744 41.50 46.00 98.60 272.01 311 06/12/14-08:47:55
745 38.57 52.00 98.50 274.05 311 06/12/14-08:48:58
746 40.53 49.00 98.40 274.05 315 06/12/14-08:50:00
747 41.50 46.00 98.60 274.05 316 06/12/14-08:51:03
748 37.60 47.00 98.50 276.12 318 06/12/14-08:52:05
749 37.60 45.00 98.10 278.21 320 06/12/14-08:53:08
750 38.09 46.00 98.60 280.32 321 06/12/14-08:54:10
751 40.04 54.00 98.50 282.47 320 06/12/14-08:55:13
752 38.57 48.00 98.20 284.64 323 06/12/14-08:56:16
753 40.53 46.00 98.60 284.64 324 06/12/14-08:57:18
754 41.02 56.00 98.50 284.64 325 06/12/14-08:58:21
755 39.06 54.00 98.50 286.84 325 06/12/14-08:59:23
756 41.02 47.00 98.50 282.47 328 06/12/14-09:00:25
757 37.60 46.00 98.50 289.07 329 06/12/14-09:01:28
758 38.09 46.00 98.60 289.07 330 06/12/14-09:02:31
759 41.50 55.00 98.60 291.33 330 06/12/14-09:03:33
760 40.53 46.00 98.70 291.33 331 06/12/14-09:04:36
761 38.09 57.00 98.20 293.63 332 06/12/14-09:05:38
762 36.13 46.00 98.50 293.63 333 06/12/14-09:06:41
763 41.99 46.00 98.80 293.63 333 06/12/14-09:07:44
764 40.53 46.00 98.40 295.95 334 06/12/14-09:08:46
765 38.09 46.00 98.40 295.95 336 06/12/14-09:09:48
766 38.57 51.00 98.20 295.95 343 06/12/14-09:10:50
767 40.53 46.00 98.40 295.95 345 06/12/14-09:11:53
768 41.50 48.00 98.10 298.30 339 06/12/14-09:12:57
769 41.50 55.00 98.80 298.30 349 06/12/14-09:13:59
770 39.55 55.00 98.70 298.30 350 06/12/14-09:15:01
771 41.99 46.00 99.00 303.10 353 06/12/14-09:16:04
772 41.99 49.00 99.10 303.10 355 06/12/14-09:17:06
773 41.99 46.00 99.40 303.10 352 06/12/14-09:18:09
774 41.02 47.00 99.00 305.56 358 06/12/14-09:19:13
775 41.99 46.00 99.10 303.10 359 06/12/14-09:20:16
776 41.50 47.00 99.30 305.56 357 06/12/14-09:21:18
777 37.60 47.00 99.10 303.10 361 06/12/14-09:22:21
778 41.02 47.00 99.50 303.10 360 06/12/14-09:23:23
779 38.09 47.00 99.20 305.56 361 06/12/14-09:24:26
780 41.99 47.00 99.70 305.56 361 06/12/14-09:25:29
781 41.99 46.00 99.30 308.04 360 06/12/14-09:26:32
782 39.55 47.00 99.60 305.56 360 06/12/14-09:27:34
783 41.99 55.00 99.20 305.56 360 06/12/14-09:28:36
784 41.02 55.00 99.20 305.56 360 06/12/14-09:29:39
785 40.04 47.00 99.30 305.56 362 06/12/14-09:30:41
786 38.09 49.00 99.40 308.04 362 06/12/14-09:31:45
787 41.99 47.00 99.20 308.04 362 06/12/14-09:32:47
788 41.99 46.00 99.40 308.04 362 06/12/14-09:33:50
789 38.57 56.00 99.20 308.04 359 06/12/14-09:34:52
790 38.57 47.00 99.40 310.56 360 06/12/14-09:35:55
791 41.99 47.00 99.20 313.12 359 06/12/14-09:36:57
792 41.99 48.00 99.40 308.04 360 06/12/14-09:38:00
793 39.55 47.00 99.40 313.12 360 06/12/14-09:39:03
794 41.99 47.00 99.80 315.72 359 06/12/14-09:40:05
795 40.53 47.00 99.50 315.72 359 06/12/14-09:41:07
796 42.48 47.00 99.40 315.72 359 06/12/14-09:42:10
797 41.02 49.00 99.40 313.12 359 06/12/14-09:43:12
798 42.48 47.00 99.40 315.72 359 06/12/14-09:44:16
799 38.09 47.00 99.50 318.35 358 06/12/14-09:45:18
800 37.60 47.00 99.10 318.35 358 06/12/14-09:46:21
801 40.53 47.00 99.00 318.35 358 06/12/14-09:47:23
802 41.02 47.00 99.60 318.35 357 06/12/14-09:48:25
803 41.99 47.00 99.50 318.35 357 06/12/14-09:49:28
804 40.04 48.00 99.40 318.35 346 06/12/14-09:50:31
805 41.50 47.00 99.30 321.02 354 06/12/14-09:51:34
806 42.48 56.00 99.30 321.02 355 06/12/14-09:52:36
807 38.09 47.00 99.20 323.72 355 06/12/14-09:53:38
808 37.60 48.00 99.20 323.72 355 06/12/14-09:54:41
809 39.55 48.00 99.60 323.72 354 06/12/14-09:55:43
810 42.48 47.00 99.40 323.72 355 06/12/14-09:56:47
811 41.50 47.00 99.60 323.72 354 06/12/14-09:57:49
812 41.02 55.00 99.40 323.72 354 06/12/14-09:58:52
813 39.06 47.00 99.60 323.72 354 06/12/14-09:59:54
814 40.53 47.00 99.40 323.72 350 06/12/14-10:00:57
815 41.99 47.00 99.60 329.26 351 06/12/14-10:01:59
816 38.09 47.00 99.30 329.26 352 06/12/14-10:03:02
817 37.60 47.00 99.20 332.09 353 06/12/14-10:04:05
818 39.06 47.00 99.10 329.26 353 06/12/14-10:05:08
819 40.53 48.00 99.70 329.26 352 06/12/14-10:06:10
820 41.99 47.00 99.60 326.47 353 06/12/14-10:07:12
821 38.57 47.00 99.50 329.26 353 06/12/14-10:08:15
822 37.60 50.00 99.20 326.47 353 06/12/14-10:09:18
823 41.99 47.00 99.50 332.09 353 06/12/14-10:10:21
824 41.99 47.00 99.10 334.96 352 06/12/14-10:11:24
825 41.99 48.00 99.50 332.09 352 06/12/14-10:12:26
826 37.60 47.00 99.40 332.09 351 06/12/14-10:13:29
827 38.57 47.00 99.50 332.09 352 06/12/14-10:14:31
828 42.48 54.00 99.10 334.96 353 06/12/14-10:15:34
829 38.57 47.00 99.50 334.96 354 06/12/14-10:16:36
830 39.06 47.00 99.70 334.96 354 06/12/14-10:17:39
831 41.99 47.00 99.50 334.96 356 06/12/14-10:18:41
832 38.57 47.00 99.20 337.88 357 06/12/14-10:19:43
833 40.04 47.00 99.60 337.88 357 06/12/14-10:20:47
834 38.57 55.00 99.60 337.88 356 06/12/14-10:21:49
835 38.57 47.00 99.50 340.84 356 06/12/14-10:22:51
836 42.48 47.00 99.40 340.84 356 06/12/14-10:23:54
837 41.50 48.00 99.50 340.84 356 06/12/14-10:24:56
838 41.99 47.00 99.20 340.84 356 06/12/14-10:25:58
839 42.48 47.00 99.80 343.85 354 06/12/14-10:27:02
840 38.09 48.00 99.40 346.90 356 06/12/14-10:28:04
841 40.04 48.00 99.30 343.85 356 06/12/14-10:29:06
842 38.57 53.00 99.70 343.85 355 06/12/14-10:30:09
843 38.09 57.00 99.80 346.90 355 06/12/14-10:31:11
844 38.57 48.00 99.30 346.90 357 06/12/14-10:32:13
845 42.97 47.00 99.50 350.00 359 06/12/14-10:33:17
846 42.48 48.00 99.20 350.00 361 06/12/14-10:34:19
847 39.06 46.00 99.80 350.00 365 06/12/14-10:35:22
848 42.48 56.00 99.50 350.00 364 06/12/14-10:36:24
849 40.04 48.00 99.30 350.00 365 06/12/14-10:37:27
850 42.48 48.00 99.50 353.15 364 06/12/14-10:38:29
851 41.02 46.00 99.70 353.15 350 06/12/14-10:39:32
852 38.09 48.00 99.50 353.15 363 06/12/14-10:40:35
853 42.97 48.00 99.60 353.15 364 06/12/14-10:41:37
854 37.60 49.00 99.30 356.35 364 06/12/14-10:42:40
855 38.09 48.00 99.00 356.35 364 06/12/14-10:43:42
856 38.57 55.00 99.50 359.60 364 06/12/14-10:44:44
857 37.60 56.00 99.40 356.35 364 06/12/14-10:45:48
858 38.09 58.00 99.20 359.60 357 06/12/14-10:46:50
859 41.02 49.00 99.40 359.60 361 06/12/14-10:47:53
860 42.97 49.00 99.60 362.90 364 06/12/14-10:48:55
861 38.57 49.00 99.50 362.90 365 06/12/14-10:49:57
862 42.48 54.00 99.50 366.26 366 06/12/14-10:51:00
863 43.46 53.00 99.50 362.90 366 06/12/14-10:52:03
864 40.53 50.00 99.50 362.90 368 06/12/14-10:53:06
865 41.50 56.00 99.40 362.90 367 06/12/14-10:54:08
866 40.04 49.00 99.60 366.26 368 06/12/14-10:55:11
867 42.97 49.00 99.60 369.67 369 06/12/14-10:56:13
868 43.46 50.00 99.40 369.67 370 06/12/14-10:57:15
869 40.04 50.00 99.60 369.67 369 06/12/14-10:58:18
870 41.99 49.00 99.40 366.26 370 06/12/14-10:59:21
871 40.04 49.00 99.50 366.26 372 06/12/14-11:00:24
872 43.46 51.00 99.50 369.67 372 06/12/14-11:01:26
873 42.48 54.00 99.50 369.67 375 06/12/14-11:02:28
874 42.97 50.00 99.40 369.67 379 06/12/14-11:03:31
875 40.04 50.00 99.40 369.67 376 06/12/14-11:04:34
876 40.04 50.00 99.90 373.14 381 06/12/14-11:05:37
877 43.46 55.00 99.30 373.14 383 06/12/14-11:06:39
878 43.46 51.00 99.40 376.67 380 06/12/14-11:07:41
879 38.57 51.00 99.60 376.67 384 06/12/14-11:08:44
880 38.57 51.00 99.10 376.67 384 06/12/14-11:09:46
881 41.50 51.00 99.50 373.14 383 06/12/14-11:10:49
882 37.60 58.00 99.50 380.25 384 06/12/14-11:11:52
883 41.50 51.00 99.20 376.67 385 06/12/14-11:12:54
884 37.60 51.00 99.70 376.67 389 06/12/14-11:13:57
885 38.09 51.00 99.50 376.67 389 06/12/14-11:14:59
886 43.95 51.00 99.80 376.67 395 06/12/14-11:16:01
887 42.97 54.00 99.50 380.25 394 06/12/14-11:17:04
888 38.09 57.00 99.50 380.25 394 06/12/14-11:18:07
889 41.02 53.00 99.50 380.25 376 06/12/14-11:19:09
890 40.04 57.00 99.80 376.67 372 06/12/14-11:20:11
891 43.46 48.00 99.50 380.25 384 06/12/14-11:21:14
892 43.46 51.00 99.80 380.25 385 06/12/14-11:22:16
893 43.46 58.00 99.50 380.25 392 06/12/14-11:23:19
894 38.57 50.00 99.90 383.90 387 06/12/14-11:24:22
895 41.50 52.00 100.00 383.90 379 06/12/14-11:25:24
896 43.46 50.00 99.70 383.90 373 06/12/14-11:26:27
897 41.99 55.00 99.80 387.61 369 06/12/14-11:27:29
898 39.06 49.00 99.50 387.61 378 06/12/14-11:28:32
899 41.99 49.00 99.90 391.38 363 06/12/14-11:29:35
900 42.48 48.00 99.30 403.10 353 06/12/14-11:30:37
901 41.02 50.00 99.70 415.46 345 06/12/14-11:31:40
902 43.46 47.00 99.70 419.73 365 06/12/14-11:32:42
903 43.46 48.00 99.80 433.02 373 06/12/14-11:33:44
904 39.55 50.00 99.60 447.09 367 06/12/14-11:34:47
905 43.95 49.00 99.60 451.96 373 06/12/14-11:35:50
906 42.48 50.00 99.50 467.17 380 06/12/14-11:36:52
907 41.02 55.00 100.00 467.17 380 06/12/14-11:37:54
908 43.46 53.00 99.80 472.45 360 06/12/14-11:38:56
909 43.95 49.00 99.70 477.84 373 06/12/14-11:39:59
910 42.48 54.00 100.00 477.84 341 06/12/14-11:41:03
911 42.97 48.00 99.80 477.84 368 06/12/14-11:42:05
912 42.48 48.00 99.40 472.45 370 06/12/14-11:43:07
913 43.95 50.00 99.70 462.00 373 06/12/14-11:44:10
914 43.95 53.00 99.90 424.08 363 06/12/14-11:45:12
915 43.95 56.00 100.10 424.08 358 06/12/14-11:46:14
916 43.46 48.00 100.00 407.14 359 06/12/14-11:47:18
917 43.95 48.00 99.90 424.08 364 06/12/14-11:48:21
918 43.95 49.00 100.00 411.26 357 06/12/14-11:49:23
919 41.50 51.00 99.80 407.14 364 06/12/14-11:50:26
920 40.04 50.00 99.70 399.12 352 06/12/14-11:51:28
921 42.48 55.00 99.50 419.73 346 06/12/14-11:52:30
922 39.55 52.00 99.40 419.73 364 06/12/14-11:53:33
923 41.02 48.00 99.40 411.26 364 06/12/14-11:54:36
924 44.43 57.00 100.60 419.73 359 06/12/14-11:55:38
925 40.04 48.00 99.70 411.26 366 06/12/14-11:56:40
926 39.55 48.00 99.80 415.46 363 06/12/14-11:57:43
927 43.95 53.00 99.50 407.14 359 06/12/14-11:58:45
928 43.95 48.00 99.40 407.14 366 06/12/14-11:59:48
929 40.53 48.00 99.80 407.14 365 06/12/14-12:00:51
930 43.46 48.00 99.60 407.14 357 06/12/14-12:01:53
931 38.57 49.00 99.50 399.12 365 06/12/14-12:02:56
932 43.46 49.00 99.80 395.22 366 06/12/14-12:03:58
933 39.55 57.00 99.90 387.61 363 06/12/14-12:05:00
934 42.48 48.00 99.80 383.90 363 06/12/14-12:06:03
935 40.04 49.00 99.60 376.67 363 06/12/14-12:07:06
936 43.46 48.00 99.90 380.25 364 06/12/14-12:08:09
937 39.55 50.00 99.90 376.67 362 06/12/14-12:09:11
938 43.46 49.00 99.70 373.14 363 06/12/14-12:10:13
939 39.55 53.00 99.70 376.67 362 06/12/14-12:11:15
940 39.55 50.00 99.80 376.67 361 06/12/14-12:12:18
941 40.04 55.00 99.70 373.14 359 06/12/14-12:13:21
942 39.06 57.00 99.70 373.14 359 06/12/14-12:14:23
943 41.50 49.00 99.90 373.14 358 06/12/14-12:15:25
944 41.50 51.00 99.80 373.14 357 06/12/14-12:16:28
945 43.46 50.00 100.10 373.14 356 06/12/14-12:17:30
946 40.04 53.00 100.20 373.14 355 06/12/14-12:18:33
947 39.06 55.00 99.70 373.14 355 06/12/14-12:19:35
948 43.46 49.00 100.40 373.14 355 06/12/14-12:20:38
949 39.55 49.00 99.80 376.67 354 06/12/14-12:21:40
950 41.02 50.00 99.30 376.67 355 06/12/14-12:22:43
951 42.48 49.00 99.60 376.67 357 06/12/14-12:23:45
952 39.06 53.00 99.80 380.25 355 06/12/14-12:24:48
953 39.06 49.00 99.90 383.90 358 06/12/14-12:25:51
954 41.50 50.00 99.70 387.61 357 06/12/14-12:26:53
955 43.46 52.00 99.80 433.02 356 06/12/14-12:27:56
956 42.97 49.00 99.60 391.38 354 06/12/14-12:28:58
957 43.46 48.00 99.70 395.22 355 06/12/14-12:30:00
958 40.04 57.00 99.50 403.10 358 06/12/14-12:31:03
959 39.06 49.00 99.60 395.22 355 06/12/14-12:32:05
960 42.97 54.00 99.60 399.12 356 06/12/14-12:33:07
961 41.50 47.00 99.90 395.22 351 06/12/14-12:34:09
962 40.53 54.00 99.60 391.38 353 06/12/14-12:35:12
963 41.50 47.00 99.80 391.38 344 06/12/14-12:36:16
964 41.02 46.00 99.60 391.38 352 06/12/14-12:37:18
965 43.46 46.00 99.50 387.61 354 06/12/14-12:38:21
966 41.99 47.00 99.60 391.38 354 06/12/14-12:39:23
967 43.46 47.00 99.90 395.22 358 06/12/14-12:40:26
968 42.48 47.00 100.10 395.22 349 06/12/14-12:41:28
969 42.48 46.00 99.80 395.22 336 06/12/14-12:42:32
970 42.97 53.00 99.80 391.38 342 06/12/14-12:43:34
971 40.04 46.00 99.70 391.38 357 06/12/14-12:44:37
972 39.55 48.00 100.40 395.22 343 06/12/14-12:45:39
973 42.48 46.00 99.90 395.22 350 06/12/14-12:46:41
974 40.04 48.00 99.70 395.22 358 06/12/14-12:47:44
975 43.46 51.00 99.80 395.22 353 06/12/14-12:48:47
976 40.04 47.00 99.80 399.12 358 06/12/14-12:49:49
977 43.46 55.00 100.00 407.14 356 06/12/14-12:50:52
978 42.97 47.00 99.70 415.46 359 06/12/14-12:51:54
979 43.46 55.00 99.90 415.46 358 06/12/14-12:52:57
980 42.97 51.00 99.90 411.26 362 06/12/14-12:53:59
981 43.46 47.00 99.70 424.08 361 06/12/14-12:55:02
982 38.57 48.00 99.70 424.08 361 06/12/14-12:56:05
983 41.02 48.00 99.60 424.08 361 06/12/14-12:57:07
984 44.43 47.00 99.80 428.51 363 06/12/14-12:58:10
985 39.06 47.00 99.80 428.51 364 06/12/14-12:59:12
986 42.48 55.00 100.10 428.51 364 06/12/14-13:00:14
987 43.46 57.00 99.90 424.08 364 06/12/14-13:01:17
988 43.46 47.00 99.80 433.02 363 06/12/14-13:02:20
989 43.95 55.00 99.50 428.51 364 06/12/14-13:03:22
990 42.97 56.00 99.60 424.08 360 06/12/14-13:04:24
991 42.97 56.00 99.60 428.51 361 06/12/14-13:05:26
992 43.95 46.00 99.50 424.08 355 06/12/14-13:06:29
993 41.99 53.00 99.90 419.73 346 06/12/14-13:07:32
994 43.46 48.00 99.90 415.46 349 06/12/14-13:08:35
995 41.99 47.00 99.90 415.46 357 06/12/14-13:09:37
996 43.95 47.00 99.90 411.26 358 06/12/14-13:10:40
997 39.55 49.00 99.90 411.26 356 06/12/14-13:11:42
998 39.55 48.00 99.60 407.14 357 06/12/14-13:12:44
999 39.06 47.00 99.70 411.26 357 06/12/14-13:13:48
1000 41.50 47.00 99.60 407.14 357 06/12/14-13:14:50
1001 42.97 48.00 99.60 407.14 356 06/12/14-13:15:52
1002 43.46 51.00 99.70 403.10 356 06/12/14-13:16:55
1003 39.55 47.00 99.80 403.10 356 06/12/14-13:17:57
1004 39.55 58.00 99.40 399.12 356 06/12/14-13:19:00
1005 38.57 48.00 99.90 403.10 356 06/12/14-13:20:03
1006 40.53 49.00 99.00 399.12 357 06/12/14-13:21:05
1007 43.46 48.00 99.80 403.10 357 06/12/14-13:22:08
1008 41.99 49.00 99.40 403.10 356 06/12/14-13:23:10
1009 43.46 47.00 99.60 403.10 357 06/12/14-13:24:12
1010 42.97 48.00 99.80 403.10 356 06/12/14-13:25:15
1011 38.57 48.00 99.90 411.26 356 06/12/14-13:26:18
1012 39.55 48.00 99.70 419.73 355 06/12/14-13:27:20
1013 40.04 48.00 99.60 428.51 355 06/12/14-13:28:23
1014 41.50 48.00 99.40 433.02 355 06/12/14-13:29:26
1015 42.48 47.00 99.70 442.31 354 06/12/14-13:30:28
1016 40.04 48.00 99.20 442.31 352 06/12/14-13:31:32
1017 43.46 52.00 99.80 451.96 351 06/12/14-13:32:34
1018 39.06 48.00 99.50 456.93 353 06/12/14-13:33:37
1019 41.50 48.00 99.50 456.93 353 06/12/14-13:34:39
1020 42.97 47.00 99.60 456.93 352 06/12/14-13:35:41
1021 41.02 54.00 99.80 451.96 354 06/12/14-13:36:43
1022 42.97 47.00 99.50 437.62 349 06/12/14-13:37:47
1023 43.46 48.00 99.40 442.31 353 06/12/14-13:38:49
1024 43.46 48.00 99.50 437.62 352 06/12/14-13:39:51
1025 43.46 50.00 99.80 442.31 352 06/12/14-13:40:53
1026 42.97 47.00 99.60 437.62 352 06/12/14-13:41:56
1027 43.46 48.00 99.70 442.31 354 06/12/14-13:42:59
1028 39.55 48.00 99.50 437.62 352 06/12/14-13:44:02
1029 39.55 49.00 99.90 447.09 346 06/12/14-13:45:04
1030 39.55 47.00 99.70 442.31 342 06/12/14-13:46:07
1031 42.48 48.00 99.40 442.31 341 06/12/14-13:47:09
1032 39.55 47.00 99.50 437.62 345 06/12/14-13:48:12
1033 41.50 48.00 99.10 442.31 349 06/12/14-13:49:15
1034 42.48 47.00 99.60 442.31 349 06/12/14-13:50:18
1035 39.06 46.00 99.30 433.02 344 06/12/14-13:51:20
1036 40.53 54.00 99.50 433.02 348 06/12/14-13:52:23
1037 39.06 48.00 99.60 433.02 346 06/12/14-13:53:25
1038 41.99 47.00 99.60 437.62 343 06/12/14-13:54:27
1039 43.46 47.00 100.80 433.02 348 06/12/14-13:55:31
1040 40.04 48.00 99.80 437.62 351 06/12/14-13:56:33
1041 41.50 48.00 99.90 433.02 351 06/12/14-13:57:35
1042 42.48 48.00 99.70 437.62 338 06/12/14-13:58:38
1043 42.48 47.00 99.50 437.62 343 06/12/14-13:59:40
1044 39.06 47.00 99.80 437.62 347 06/12/14-14:00:42
1045 43.46 47.00 99.40 428.51 349 06/12/14-14:01:46
1046 43.46 48.00 99.50 433.02 349 06/12/14-14:02:48
1047 40.53 47.00 99.90 433.02 340 06/12/14-14:03:51
1048 39.06 47.00 99.40 437.62 340 06/12/14-14:04:53
1049 41.50 48.00 98.80 433.02 342 06/12/14-14:05:56
1050 42.97 47.00 99.80 424.08 344 06/12/14-14:06:59
1051 42.48 48.00 99.70 428.51 347 06/12/14-14:08:02
1052 43.46 48.00 99.60 424.08 348 06/12/14-14:09:04
1053 42.97 50.00 99.90 415.46 347 06/12/14-14:10:07
1054 40.04 48.00 100.00 407.14 348 06/12/14-14:11:09
1055 39.55 47.00 99.70 399.12 341 06/12/14-14:12:12
1056 42.97 49.00 99.50 387.61 328 06/12/14-14:13:15
1057 42.48 48.00 99.40 376.67 321 06/12/14-14:14:17
1058 42.48 49.00 99.20 366.26 314 06/12/14-14:15:20
1059 42.97 52.00 99.60 350.00 324 06/12/14-14:16:23
1060 40.04 50.00 99.60 334.96 319 06/12/14-14:17:25
1061 42.97 55.00 99.40 323.72 320 06/12/14-14:18:28
1062 41.99 50.00 99.70 318.35 321 06/12/14-14:19:31
1063 42.48 49.00 99.70 318.35 316 06/12/14-14:20:34
1064 39.55 50.00 99.90 323.72 311 06/12/14-14:21:36
1065 42.48 57.00 99.50 329.26 326 06/12/14-14:22:39
1066 40.53 51.00 99.90 337.88 314 06/12/14-14:23:41
1067 41.02 54.00 99.60 340.84 312 06/12/14-14:24:44
1068 41.50 55.00 99.60 337.88 313 06/12/14-14:25:47
1069 40.04 50.00 99.80 337.88 324 06/12/14-14:26:49
1070 41.50 50.00 99.70 334.96 320 06/12/14-14:27:52
1071 40.04 48.00 99.60 334.96 317 06/12/14-14:28:54
1072 40.53 56.00 99.80 334.96 314 06/12/14-14:29:57
1073 39.55 49.00 99.60 332.09 313 06/12/14-14:31:00
1074 41.50 51.00 99.80 329.26 304 06/12/14-14:32:02
1075 41.50 52.00 99.80 329.26 315 06/12/14-14:33:04
1076 39.06 50.00 99.60 323.72 325 06/12/14-14:34:07
1077 41.99 53.00 99.60 329.26 322 06/12/14-14:35:09
1078 41.99 49.00 99.70 329.26 315 06/12/14-14:36:12
1079 38.57 53.00 99.70 329.26 316 06/12/14-14:37:15
1080 39.55 50.00 99.40 329.26 317 06/12/14-14:38:17
1081 39.06 49.00 99.60 329.26 308 06/12/14-14:39:20
1082 40.04 50.00 99.50 329.26 303 06/12/14-14:40:22
1083 39.06 50.00 99.60 329.26 296 06/12/14-14:41:25
1084 41.50 51.00 99.40 326.47 294 06/12/14-14:42:28
1085 41.99 53.00 99.70 329.26 294 06/12/14-14:43:31
1086 40.53 58.00 99.70 323.72 288 06/12/14-14:44:33
1087 39.06 52.00 99.70 326.47 291 06/12/14-14:45:36
1088 38.57 58.00 99.40 323.72 285 06/12/14-14:46:38
1089 41.02 51.00 99.30 323.72 286 06/12/14-14:47:41
1090 41.50 56.00 99.50 326.47 289 06/12/14-14:48:44
1091 41.50 57.00 99.70 323.72 293 06/12/14-14:49:46
1092 41.99 57.00 99.50 321.02 294 06/12/14-14:50:48
1093 39.06 54.00 98.60 321.02 292 06/12/14-14:51:51
1094 41.02 53.00 99.60 323.72 293 06/12/14-14:52:54
1095 41.02 53.00 99.50 323.72 294 06/12/14-14:53:56
1096 39.06 53.00 99.80 321.02 296 06/12/14-14:55:00
1097 41.50 54.00 99.60 321.02 296 06/12/14-14:56:02
1098 41.50 53.00 99.50 323.72 294 06/12/14-14:57:04
1099 39.55 53.00 99.30 326.47 291 06/12/14-14:58:07
1100 38.57 52.00 100.00 326.47 291 06/12/14-14:59:09
1101 41.99 54.00 99.80 326.47 293 06/12/14-15:00:12
1102 41.50 54.00 99.90 329.26 294 06/12/14-15:01:15
1103 42.97 54.00 99.40 326.47 294 06/12/14-15:02:18
1104 40.53 54.00 99.90 326.47 300 06/12/14-15:03:22
1105 38.57 54.00 99.50 326.47 307 06/12/14-15:04:24
1106 41.02 53.00 99.70 326.47 300 06/12/14-15:05:26
1107 39.06 57.00 99.70 323.72 299 06/12/14-15:06:29
1108 41.99 55.00 99.90 323.72 300 06/12/14-15:07:32
1109 41.50 54.00 99.40 323.72 300 06/12/14-15:08:34
1110 39.06 54.00 99.70 323.72 308 06/12/14-15:09:37
1111 41.99 52.00 99.80 323.72 305 06/12/14-15:10:39
1112 41.99 53.00 99.80 321.02 311 06/12/14-15:11:42
1113 39.55 53.00 99.60 323.72 299 06/12/14-15:12:45
1114 39.55 54.00 99.70 323.72 302 06/12/14-15:13:47
1115 41.02 54.00 99.30 326.47 304 06/12/14-15:14:50
1116 38.57 58.00 99.80 323.72 303 06/12/14-15:15:52
1117 41.99 53.00 99.40 321.02 311 06/12/14-15:16:55
1118 40.04 54.00 99.50 321.02 313 06/12/14-15:17:58
1119 41.99 54.00 100.00 318.35 308 06/12/14-15:19:01
1120 41.02 54.00 99.90 315.72 303 06/12/14-15:20:03
1121 40.53 54.00 99.40 313.12 301 06/12/14-15:21:06
1122 41.99 54.00 99.60 308.04 302 06/12/14-15:22:08
1123 40.53 54.00 99.50 308.04 300 06/12/14-15:23:11
1124 40.53 55.00 99.70 305.56 295 06/12/14-15:24:13
1125 38.57 54.00 99.60 303.10 300 06/12/14-15:25:16
1126 41.99 54.00 99.50 300.69 302 06/12/14-15:26:19
1127 41.50 54.00 99.80 298.30 303 06/12/14-15:27:21
1128 41.02 54.00 99.60 295.95 308 06/12/14-15:28:23
1129 38.57 54.00 99.60 295.95 315 06/12/14-15:29:26
1130 41.99 54.00 99.50 291.33 316 06/12/14-15:30:29
1131 38.57 57.00 99.40 293.63 314 06/12/14-15:31:32
1132 41.50 53.00 99.80 293.63 306 06/12/14-15:32:34
1133 41.50 53.00 100.00 298.30 314 06/12/14-15:33:37
1134 41.99 53.00 99.80 293.63 312 06/12/14-15:34:39
1135 40.53 53.00 99.70 293.63 306 06/12/14-15:35:41
1136 40.04 54.00 99.60 291.33 304 06/12/14-15:36:45
1137 39.06 55.00 99.70 291.33 306 06/12/14-15:37:48
1138 41.50 54.00 100.10 291.33 302 06/12/14-15:38:50
1139 41.02 54.00 100.00 293.63 299 06/12/14-15:39:53
1140 38.57 55.00 99.60 293.63 295 06/12/14-15:40:56
1141 41.50 54.00 100.20 291.33 299 06/12/14-15:41:58
1142 41.99 54.00 99.70 289.07 301 06/12/14-15:43:01
1143 41.50 55.00 99.90 291.33 299 06/12/14-15:44:04
1144 39.55 55.00 99.50 291.33 294 06/12/14-15:45:06
1145 39.06 54.00 99.60 293.63 291 06/12/14-15:46:08
1146 41.50 54.00 99.50 293.63 288 06/12/14-15:47:11
1147 41.02 59.00 100.00 291.33 292 06/12/14-15:48:14
1148 41.50 56.00 99.50 291.33 292 06/12/14-15:49:17
1149 41.50 55.00 99.80 291.33 292 06/12/14-15:50:20
1150 39.06 56.00 99.40 286.84 291 06/12/14-15:51:22
1151 41.99 58.00 99.40 289.07 300 06/12/14-15:52:25
1152 41.99 55.00 99.40 289.07 300 06/12/14-15:53:28
1153 41.50 55.00 99.70 286.84 302 06/12/14-15:54:31
1154 39.06 57.00 99.60 289.07 300 06/12/14-15:55:33
1155 40.53 55.00 99.70 286.84 300 06/12/14-15:56:36
1156 41.99 55.00 99.60 286.84 301 06/12/14-15:57:38
1157 41.50 55.00 99.80 284.64 303 06/12/14-15:58:41
1158 39.55 54.00 99.80 286.84 301 06/12/14-15:59:44
1159 43.46 56.00 99.50 286.84 302 06/12/14-16:00:46
1160 39.55 54.00 99.60 284.64 300 06/12/14-16:01:48
1161 39.55 54.00 99.30 284.64 292 06/12/14-16:02:51
1162 41.99 55.00 99.10 286.84 295 06/12/14-16:03:54
1163 41.50 56.00 99.80 286.84 295 06/12/14-16:04:57
1164 39.55 55.00 99.30 289.07 297 06/12/14-16:06:00
1165 41.50 57.00 99.50 286.84 296 06/12/14-16:07:02
1166 40.04 55.00 99.30 284.64 293 06/12/14-16:08:05
1167 38.57 55.00 99.60 286.84 290 06/12/14-16:09:07
1168 39.06 55.00 99.50 286.84 303 06/12/14-16:10:10
1169 41.02 55.00 99.40 286.84 299 06/12/14-16:11:13
1170 39.55 56.00 99.50 284.64 293 06/12/14-16:12:16
1171 41.50 55.00 99.60 284.64 290 06/12/14-16:13:18
1172 40.53 56.00 100.00 284.64 287 06/12/14-16:14:21
1173 41.02 55.00 99.70 282.47 291 06/12/14-16:15:23
1174 41.02 55.00 99.30 280.32 289 06/12/14-16:16:25
1175 41.02 55.00 99.90 280.32 290 06/12/14-16:17:28
1176 41.50 55.00 99.50 282.47 292 06/12/14-16:18:31
1177 41.02 55.00 99.60 276.12 290 06/12/14-16:19:34
1178 41.02 56.00 99.60 274.05 287 06/12/14-16:20:36
1179 41.50 54.00 99.70 272.01 286 06/12/14-16:21:39
1180 40.04 55.00 99.60 270.00 283 06/12/14-16:22:41
1181 38.57 55.00 99.20 268.01 286 06/12/14-16:23:43
1182 41.02 55.00 99.40 258.43 286 06/12/14-16:24:47
1183 39.06 56.00 99.40 262.20 285 06/12/14-16:25:49
1184 38.57 60.00 99.50 260.30 287 06/12/14-16:26:52
1185 41.50 57.00 99.50 258.43 288 06/12/14-16:27:54
1186 38.57 55.00 99.50 254.76 288 06/12/14-16:28:56
1187 41.02 56.00 99.70 254.76 287 06/12/14-16:30:00
1188 40.53 56.00 99.80 251.18 283 06/12/14-16:31:02
1189 39.06 55.00 99.60 247.68 283 06/12/14-16:32:05
1190 39.06 55.00 99.50 245.95 282 06/12/14-16:33:07
1191 40.53 57.00 99.60 244.25 285 06/12/14-16:34:10
1192 38.57 55.00 99.80 240.91 285 06/12/14-16:35:12
1193 39.55 55.00 99.70 237.64 282 06/12/14-16:36:16
1194 40.04 55.00 99.10 237.64 283 06/12/14-16:37:18
1195 41.50 56.00 99.70 234.45 282 06/12/14-16:38:20
1196 38.57 55.00 99.40 231.32 283 06/12/14-16:39:23
1197 40.53 59.00 99.60 229.78 282 06/12/14-16:40:26
1198 41.02 55.00 99.90 228.26 284 06/12/14-16:41:29
1199 40.04 55.00 99.70 225.27 284 06/12/14-16:42:32
1200 38.57 56.00 99.90 223.80 284 06/12/14-16:43:35
1201 38.57 55.00 99.70 222.34 283 06/12/14-16:44:37
1202 39.55 55.00 99.80 218.06 286 06/12/14-16:45:40
1203 41.02 55.00 99.60 218.06 285 06/12/14-16:46:42
1204 41.50 56.00 99.60 215.29 284 06/12/14-16:47:45
1205 41.02 56.00 99.70 213.92 283 06/12/14-16:48:48
1206 41.50 56.00 99.90 212.56 282 06/12/14-16:49:50
1207 39.55 55.00 100.00 211.23 283 06/12/14-16:50:52
1208 40.53 55.00 99.40 209.90 284 06/12/14-16:51:55
1209 39.55 56.00 99.50 211.23 282 06/12/14-16:52:57
1210 41.02 56.00 99.40 208.59 281 06/12/14-16:54:01
1211 38.57 56.00 99.80 209.90 282 06/12/14-16:55:03
1212 39.55 56.00 99.80 207.29 281 06/12/14-16:56:05
1213 41.02 60.00 99.50 208.59 282 06/12/14-16:57:08
1214 41.02 56.00 99.80 208.59 282 06/12/14-16:58:10
1215 40.53 56.00 100.00 208.59 282 06/12/14-16:59:13
1216 40.53 56.00 99.70 208.59 288 06/12/14-17:00:16
1217 41.02 56.00 99.50 207.29 287 06/12/14-17:01:19
1218 41.50 56.00 99.90 207.29 287 06/12/14-17:02:21
1219 39.55 56.00 99.20 206.00 284 06/12/14-17:03:23
1220 40.53 56.00 99.60 207.29 284 06/12/14-17:04:26
1221 41.02 57.00 99.50 206.00 284 06/12/14-17:05:28
1222 40.04 56.00 99.40 206.00 283 06/12/14-17:06:31
1223 41.02 56.00 99.50 207.29 283 06/12/14-17:07:34
1224 41.02 56.00 99.50 206.00 284 06/12/14-17:08:36
1225 41.50 56.00 99.50 206.00 283 06/12/14-17:09:39
1226 38.57 56.00 99.70 206.00 286 06/12/14-17:10:41
1227 41.50 56.00 99.50 206.00 290 06/12/14-17:11:44
1228 38.57 56.00 99.20 203.47 292 06/12/14-17:12:47
1229 39.06 59.00 99.70 202.22 294 06/12/14-17:13:49
1230 41.50 56.00 99.40 199.76 294 06/12/14-17:14:52
1231 39.55 56.00 99.80 198.54 289 06/12/14-17:15:54
1232 38.57 56.00 99.50 197.34 286 06/12/14-17:16:57
1233 40.04 56.00 99.60 197.34 285 06/12/14-17:18:01
1234 40.53 56.00 99.60 197.34 283 06/12/14-17:19:03
1235 41.02 56.00 99.70 197.34 282 06/12/14-17:20:06
1236 38.57 56.00 99.70 196.15 282 06/12/14-17:21:08
1237 38.57 56.00 99.70 196.15 281 06/12/14-17:22:11
1238 38.57 60.00 99.70 193.81 281 06/12/14-17:23:13
1239 40.53 56.00 99.80 191.51 281 06/12/14-17:24:16
1240 41.02 56.00 99.70 190.38 282 06/12/14-17:25:19
1241 41.02 56.00 99.90 188.14 285 06/12/14-17:26:21
1242 38.57 56.00 100.00 185.95 287 06/12/14-17:27:24
1243 38.57 59.00 99.90 182.73 283 06/12/14-17:28:26
1244 41.50 56.00 99.60 180.63 284 06/12/14-17:29:29
1245 40.53 56.00 99.60 177.56 284 06/12/14-17:30:32
1246 41.02 56.00 99.90 176.55 282 06/12/14-17:31:35
1247 40.53 57.00 99.70 175.55 281 06/12/14-17:32:37
1248 40.04 56.00 100.10 175.55 282 06/12/14-17:33:40
1249 39.55 56.00 99.60 175.55 287 06/12/14-17:34:42
1250 41.99 60.00 99.40 175.55 290 06/12/14-17:35:45
1251 38.57 57.00 99.40 176.55 288 06/12/14-17:36:48
1252 39.55 56.00 99.90 177.56 289 06/12/14-17:37:50
1253 40.53 56.00 100.10 179.60 292 06/12/14-17:38:53
1254 39.06 55.00 99.70 179.60 295 06/12/14-17:39:55
1255 41.02 56.00 99.90 178.57 292 06/12/14-17:40:58
1256 41.50 55.00 99.50 177.56 294 06/12/14-17:42:01
1257 39.06 56.00 99.70 176.55 297 06/12/14-17:43:03
1258 41.50 56.00 99.30 175.55 299 06/12/14-17:44:06
1259 39.06 55.00 99.90 174.56 302 06/12/14-17:45:09
1260 39.55 56.00 99.90 175.55 305 06/12/14-17:46:11
1261 41.02 59.00 99.90 177.56 306 06/12/14-17:47:14
1262 38.57 56.00 99.70 177.56 306 06/12/14-17:48:17
1263 41.50 55.00 99.70 179.60 307 06/12/14-17:49:20
1264 41.50 56.00 99.90 181.67 308 06/12/14-17:50:22
1265 41.99 56.00 99.80 187.04 309 06/12/14-17:51:24
1266 40.04 53.00 100.10 182.73 312 06/12/14-17:52:27
1267 41.50 60.00 99.40 182.73 314 06/12/14-17:53:30
1268 38.57 56.00 100.00 181.67 313 06/12/14-17:54:32
1269 41.99 55.00 99.70 181.67 315 06/12/14-17:55:35
1270 41.50 54.00 100.10 181.67 316 06/12/14-17:56:37
1271 41.99 55.00 100.20 182.73 316 06/12/14-17:57:40
1272 38.57 60.00 99.70 183.79 315 06/12/14-17:58:42
1273 41.50 55.00 99.60 184.86 317 06/12/14-17:59:45
1274 41.99 56.00 99.60 184.86 318 06/12/14-18:00:48
1275 39.06 56.00 99.90 185.95 320 06/12/14-18:01:50
1276 42.48 55.00 99.50 185.95 321 06/12/14-18:02:53
1277 39.06 56.00 99.70 185.95 321 06/12/14-18:03:55
1278 41.99 56.00 99.60 185.95 322 06/12/14-18:04:58
1279 39.55 55.00 99.70 184.86 324 06/12/14-18:06:01
1280 40.53 55.00 99.00 182.73 325 06/12/14-18:07:04
1281 39.55 55.00 99.40 181.67 327 06/12/14-18:08:06
1282 41.99 59.00 99.90 179.60 325 06/12/14-18:09:08
1283 38.57 56.00 99.80 176.55 321 06/12/14-18:10:11
1284 41.02 55.00 100.00 173.58 325 06/12/14-18:11:13
1285 42.48 55.00 99.90 171.65 326 06/12/14-18:12:17
1286 41.50 56.00 99.90 169.74 327 06/12/14-18:13:19
1287 41.50 54.00 99.70 166.95 329 06/12/14-18:14:23
1288 39.55 55.00 99.90 164.23 328 06/12/14-18:15:25
1289 38.09 55.00 99.60 150.78 331 06/12/14-18:16:28
1290 39.55 55.00 100.10 150.00 329 06/12/14-18:17:31
1291 39.55 57.00 99.90 147.68 330 06/12/14-18:18:33
1292 41.99 56.00 99.80 146.92 330 06/12/14-18:19:36
1293 39.06 56.00 99.60 144.68 332 06/12/14-18:20:38
1294 41.02 55.00 99.90 141.05 332 06/12/14-18:21:40
1295 39.55 55.00 99.80 138.24 332 06/12/14-18:22:43
1296 41.99 54.00 99.60 133.51 333 06/12/14-18:23:46
1297 40.53 55.00 99.60 129.65 333 06/12/14-18:24:49
1298 42.48 60.00 99.70 126.55 334 06/12/14-18:25:51
1299 41.99 55.00 99.80 123.56 334 06/12/14-18:26:54
1300 41.02 55.00 99.70 121.81 334 06/12/14-18:27:56
1301 39.55 55.00 100.00 118.42 335 06/12/14-18:28:58
1302 38.57 56.00 99.70 116.78 335 06/12/14-18:30:02
1303 39.06 55.00 99.80 114.63 335 06/12/14-18:31:05
1304 38.57 55.00 99.80 112.03 336 06/12/14-18:32:07
1305 40.53 56.00 99.50 109.01 338 06/12/14-18:33:09
1306 41.50 55.00 100.10 107.06 339 06/12/14-18:34:12
1307 39.06 56.00 99.80 105.62 340 06/12/14-18:35:15
1308 39.06 57.00 99.90 103.75 341 06/12/14-18:36:17
1309 39.55 56.00 100.00 101.93 343 06/12/14-18:37:20
1310 42.48 56.00 99.80 99.71 342 06/12/14-18:38:22
1311 38.57 56.00 99.90 97.13 344 06/12/14-18:39:24
1312 39.55 56.00 99.70 95.04 345 06/12/14-18:40:27
1313 40.53 57.00 99.70 92.62 346 06/12/14-18:41:30
1314 39.55 56.00 100.00 90.66 346 06/12/14-18:42:32
1315 42.48 56.00 100.10 89.51 347 06/12/14-18:43:35
1316 42.97 56.00 99.50 88.01 348 06/12/14-18:44:37
1317 40.53 56.00 99.50 85.45 351 06/12/14-18:45:40
1318 40.04 56.00 99.80 82.99 351 06/12/14-18:46:42
1319 41.50 57.00 99.90 78.97 351 06/12/14-18:47:46
1320 38.57 56.00 99.90 76.42 351 06/12/14-18:48:48
1321 42.97 56.00 99.70 74.27 351 06/12/14-18:49:51
1322 39.06 56.00 100.10 72.20 352 06/12/14-18:50:53
1323 38.57 56.00 99.70 69.63 353 06/12/14-18:51:56
1324 42.97 57.00 99.80 67.16 352 06/12/14-18:52:58
1325 42.97 57.00 99.70 64.54 354 06/12/14-18:54:01
1326 42.97 57.00 99.70 60.35 355 06/12/14-18:55:03
1327 41.02 59.00 100.10 56.22 356 06/12/14-18:56:06
1328 38.09 59.00 100.00 53.23 356 06/12/14-18:57:08
1329 39.06 57.00 99.80 50.00 356 06/12/14-18:58:10
1330 42.97 57.00 99.80 48.08 357 06/12/14-18:59:14
1331 38.09 57.00 99.70 46.06 358 06/12/14-19:00:16
1332 38.09 57.00 99.70 43.95 358 06/12/14-19:01:19
1333 40.53 57.00 100.00 41.76 360 06/12/14-19:02:22
1334 42.48 57.00 99.90 39.82 361 06/12/14-19:03:24
1335 39.55 57.00 100.00 37.52 361 06/12/14-19:04:28
1336 38.57 57.00 99.90 35.48 362 06/12/14-19:05:30
1337 41.50 57.00 99.30 33.93 362 06/12/14-19:06:33
1338 41.99 57.00 99.80 31.92 363 06/12/14-19:07:35
1339 41.99 60.00 100.20 30.38 363 06/12/14-19:08:37
1340 40.53 57.00 99.90 28.29 364 06/12/14-19:09:40
1341 38.57 57.00 99.50 26.53 365 06/12/14-19:10:43
1342 42.48 57.00 100.00 23.67 364 06/12/14-19:11:45
1343 42.48 57.00 100.10 22.73 364 06/12/14-19:12:48
1344 39.55 57.00 99.60 21.61 365 06/12/14-19:13:50
1345 39.06 57.00 99.70 20.72 366 06/12/14-19:14:53
1346 41.99 57.00 100.00 19.66 367 06/12/14-19:15:56
1347 41.50 57.00 100.10 17.90 368 06/12/14-19:16:58
1348 42.97 57.00 99.90 15.98 368 06/12/14-19:18:01
1349 37.60 57.00 99.70 14.48 369 06/12/14-19:19:03
1350 38.57 57.00 99.60 13.60 369 06/12/14-19:20:06
1351 39.55 57.00 99.80 12.36 369 06/12/14-19:21:08
1352 38.57 57.00 99.60 11.10 370 06/12/14-19:22:12
1353 39.06 57.00 98.70 10.24 370 06/12/14-19:23:14
1354 42.48 57.00 99.60 9.67 371 06/12/14-19:24:17
1355 38.09 57.00 100.20 8.99 371 06/12/14-19:25:20
1356 42.48 57.00 99.90 8.45 371 06/12/14-19:26:22
1357 41.99 57.00 99.90 7.85 371 06/12/14-19:27:24
1358 37.60 58.00 99.70 7.72 372 06/12/14-19:28:27
1359 42.48 57.00 99.80 7.21 373 06/12/14-19:29:29
1360 39.55 58.00 99.70 6.76 372 06/12/14-19:30:32
1361 38.09 57.00 100.00 6.45 373 06/12/14-19:31:35
1362 40.04 55.00 100.30 6.26 373 06/12/14-19:32:37
1363 41.50 61.00 100.10 5.71 372 06/12/14-19:33:39
1364 42.97 57.00 100.10 5.53 374 06/12/14-19:34:42
1365 40.04 57.00 99.70 5.47 374 06/12/14-19:35:45
1366 40.04 59.00 99.90 5.29 372 06/12/14-19:36:48
1367 39.06 57.00 100.10 5.05 374 06/12/14-19:37:50
1368 37.11 57.00 99.80 4.76 374 06/12/14-19:38:53
1369 40.04 57.00 100.10 4.88 375 06/12/14-19:39:56
1370 37.60 57.00 99.90 4.64 372 06/12/14-19:40:58
1371 37.60 58.00 99.60 4.35 375 06/12/14-19:42:01
1372 40.04 57.00 99.80 4.47 376 06/12/14-19:43:04
1373 43.46 57.00 99.70 4.53 376 06/12/14-19:44:06
1374 42.48 61.00 99.50 4.35 377 06/12/14-19:45:09
1375 41.02 57.00 99.80 4.29 375 06/12/14-19:46:11
1376 41.02 58.00 100.20 4.12 377 06/12/14-19:47:13
1377 42.48 57.00 99.90 4.01 377 06/12/14-19:48:16
1378 37.60 57.00 99.40 4.07 376 06/12/14-19:49:19
1379 38.09 57.00 99.80 4.29 376 06/12/14-19:50:21
1380 39.55 57.00 99.80 3.89 378 06/12/14-19:51:24
1381 42.48 57.00 100.10 4.12 378 06/12/14-19:52:27
1382 40.53 57.00 99.50 11.76 379 06/12/14-19:53:29
1383 42.97 57.00 99.80 11.99 375 06/12/14-19:54:33
1384 40.04 57.00 99.90 12.52 378 06/12/14-19:55:35
1385 39.06 57.00 100.20 11.84 370 06/12/14-19:56:38
1386 42.48 57.00 100.20 12.67 371 06/12/14-19:57:40
1387 37.60 56.00 100.00 11.69 372 06/12/14-19:58:43
1388 38.09 56.00 99.80 12.44 364 06/12/14-19:59:45
1389 41.50 56.00 99.70 11.91 364 06/12/14-20:00:48
1390 37.60 56.00 100.00 12.06 370 06/12/14-20:01:51
1391 41.99 56.00 99.80 11.91 374 06/12/14-20:02:53
1392 38.09 57.00 99.70 12.06 375 06/12/14-20:03:55
1393 38.57 56.00 99.80 11.84 376 06/12/14-20:04:58
1394 40.04 56.00 100.00 11.61 378 06/12/14-20:06:01
1395 42.48 56.00 99.80 11.76 377 06/12/14-20:07:04
1396 42.48 56.00 100.10 11.76 374 06/12/14-20:08:06
1397 37.60 57.00 99.60 11.61 374 06/12/14-20:09:09
1398 42.48 58.00 99.70 11.46 374 06/12/14-20:10:11
1399 40.53 56.00 99.90 11.61 378 06/12/14-20:11:14
1400 42.97 56.00 99.50 11.69 370 06/12/14-20:12:17
1401 41.02 56.00 100.00 11.46 376 06/12/14-20:13:19
1402 39.06 56.00 99.60 11.54 377 06/12/14-20:14:21
1403 40.53 57.00 100.10 11.54 378 06/12/14-20:15:24
1404 42.48 56.00 99.60 11.54 366 06/12/14-20:16:27
1405 40.04 57.00 99.80 11.61 363 06/12/14-20:17:29
1406 42.97 55.00 99.90 11.32 368 06/12/14-20:18:32
1407 38.09 55.00 99.60 12.29 360 06/12/14-20:19:34
1408 40.04 55.00 99.40 11.61 349 06/12/14-20:20:37
1409 38.57 57.00 99.70 11.61 342 06/12/14-20:21:39
1410 41.99 54.00 99.70 11.54 332 06/12/14-20:22:41
1411 39.06 52.00 100.00 11.76 328 06/12/14-20:23:44
1412 42.48 49.00 100.00 11.54 319 06/12/14-20:24:47
1413 39.55 48.00 99.60 11.76 304 06/12/14-20:25:49
1414 41.02 53.00 100.00 11.46 303 06/12/14-20:26:52
1415 39.55 46.00 99.80 11.69 293 06/12/14-20:27:54
1416 41.50 48.00 100.40 11.76 288 06/12/14-20:28:57
1417 41.50 54.00 100.00 11.61 294 06/12/14-20:29:59
1418 41.99 48.00 99.70 11.69 293 06/12/14-20:31:03
1419 41.50 46.00 99.80 11.69 294 06/12/14-20:32:05
1420 41.02 46.00 99.40 11.54 287 06/12/14-20:33:08
1421 41.99 47.00 100.10 11.54 289 06/12/14-20:34:10
1422 41.99 44.00 100.10 11.17 286 06/12/14-20:35:13
1423 41.99 44.00 99.50 11.46 280 06/12/14-20:36:16
1424 41.50 54.00 100.10 11.54 275 06/12/14-20:37:18
1425 42.48 44.00 99.80 11.61 273 06/12/14-20:38:20
1426 42.48 47.00 99.90 11.54 276 06/12/14-20:39:23
1427 41.02 44.00 99.80 11.61 276 06/12/14-20:40:26
1428 41.99 43.00 99.50 11.84 272 06/12/14-20:41:28
1429 41.99 43.00 99.60 11.46 274 06/12/14-20:42:31
1430 41.02 53.00 99.90 11.46 275 06/12/14-20:43:34
1431 41.99 44.00 99.70 11.39 277 06/12/14-20:44:36
1432 41.99 44.00 99.60 11.39 277 06/12/14-20:45:39
1433 42.48 43.00 99.90 3.89 275 06/12/14-20:46:41
1434 42.48 43.00 99.10 3.67 275 06/12/14-20:47:43
1435 41.99 43.00 100.00 3.73 271 06/12/14-20:48:47
1436 40.53 42.00 99.70 3.73 269 06/12/14-20:49:49
1437 41.50 46.00 99.70 3.73 268 06/12/14-20:50:51
1438 41.50 43.00 99.70 3.67 268 06/12/14-20:51:54
1439 41.99 42.00 99.80 3.73 271 06/12/14-20:52:56
1440 39.55 45.00 99.90 3.78 270 06/12/14-20:53:59
1441 40.04 42.00 99.60 3.67 267 06/12/14-20:55:02
1442 41.99 45.00 99.50 3.78 267 06/12/14-20:56:04
1443 41.99 48.00 100.70 3.73 271 06/12/14-20:57:07
1444 41.99 44.00 99.70 3.67 267 06/12/14-20:58:09
1445 40.53 43.00 99.90 3.67 268 06/12/14-20:59:11
1446 41.02 42.00 99.70 3.67 266 06/12/14-21:00:14
1447 42.48 50.00 99.50 3.73 263 06/12/14-21:01:17
1448 41.50 42.00 99.50 3.84 261 06/12/14-21:02:20
1449 42.48 44.00 99.90 3.78 257 06/12/14-21:03:22
1450 41.99 48.00 99.90 3.78 259 06/12/14-21:04:25
1451 41.50 43.00 99.90 3.84 261 06/12/14-21:05:28
1452 42.48 41.00 99.60 3.78 259 06/12/14-21:06:31
1453 42.97 42.00 99.70 3.73 258 06/12/14-21:07:33
1454 40.53 40.00 99.20 3.84 259 06/12/14-21:08:35
1455 42.48 41.00 99.50 3.84 257 06/12/14-21:09:38
1456 42.48 43.00 99.70 3.73 262 06/12/14-21:10:40
1457 41.99 47.00 99.60 3.73 262 06/12/14-21:11:44
1458 41.02 42.00 99.90 3.78 262 06/12/14-21:12:46
1459 41.99 41.00 99.80 3.84 262 06/12/14-21:13:48
1460 41.50 48.00 99.90 3.78 262 06/12/14-21:14:51
1461 42.48 40.00 99.60 3.67 264 06/12/14-21:15:53
1462 41.99 49.00 99.80 3.84 262 06/12/14-21:16:56
1463 42.48 40.00 99.70 3.84 262 06/12/14-21:17:59
1464 41.02 43.00 99.70 3.73 262 06/12/14-21:19:02
1465 40.53 41.00 99.80 3.67 262 06/12/14-21:20:04
1466 41.50 46.00 99.40 4.01 258 06/12/14-21:21:07
1467 40.53 47.00 99.50 3.84 259 06/12/14-21:22:09
1468 40.53 41.00 99.30 3.67 259 06/12/14-21:23:12
1469 40.53 42.00 99.60 3.78 262 06/12/14-21:24:15
1470 41.99 42.00 99.60 3.78 261 06/12/14-21:25:18
1471 40.53 42.00 99.60 3.84 261 06/12/14-21:26:20
1472 41.99 45.00 99.70 3.73 260 06/12/14-21:27:23
1473 41.99 41.00 99.70 3.73 260 06/12/14-21:28:26
1474 42.48 42.00 99.80 3.73 261 06/12/14-21:29:28
1475 41.99 41.00 99.50 3.67 262 06/12/14-21:30:31
1476 40.53 42.00 99.40 3.84 260 06/12/14-21:31:34
1477 42.48 42.00 99.60 3.73 259 06/12/14-21:32:36
1478 41.99 42.00 99.50 3.78 260 06/12/14-21:33:39
1479 41.02 42.00 99.30 3.78 261 06/12/14-21:34:41
1480 41.02 43.00 100.10 3.84 261 06/12/14-21:35:43
1481 41.50 42.00 99.80 3.78 260 06/12/14-21:36:47
1482 42.48 42.00 99.50 3.78 259 06/12/14-21:37:49
1483 40.53 42.00 99.70 3.84 262 06/12/14-21:38:52
1484 40.53 45.00 99.60 3.84 259 06/12/14-21:39:55
1485 40.53 42.00 99.50 3.84 260 06/12/14-21:40:57
1486 41.50 42.00 99.40 3.78 261 06/12/14-21:42:00
1487 40.53 42.00 99.80 3.84 263 06/12/14-21:43:03
1488 41.02 48.00 99.80 3.78 261 06/12/14-21:44:05
1489 41.02 42.00 99.60 3.84 261 06/12/14-21:45:08
1490 40.53 42.00 99.80 3.78 261 06/12/14-21:46:10
1491 42.48 42.00 100.00 4.47 261 06/12/14-21:47:13
1492 41.50 42.00 99.60 4.64 260 06/12/14-21:48:16
1493 41.50 41.00 99.70 4.70 264 06/12/14-21:49:18
1494 40.53 44.00 99.70 4.70 263 06/12/14-21:50:21
1495 40.53 43.00 99.80 4.58 262 06/12/14-21:51:23
1496 41.50 42.00 100.00 4.58 262 06/12/14-21:52:26
1497 41.99 42.00 99.60 4.53 257 06/12/14-21:53:28
1498 40.04 41.00 99.90 4.58 263 06/12/14-21:54:31
1499 41.99 42.00 99.90 4.58 262 06/12/14-21:55:34
1500 41.02 49.00 100.10 4.64 261 06/12/14-21:56:36
1501 42.48 45.00 100.00 4.58 263 06/12/14-21:57:39
1502 42.48 46.00 100.00 4.64 262 06/12/14-21:58:41
1503 41.99 43.00 99.60 4.64 262 06/12/14-21:59:44
1504 41.99 42.00 99.50 4.58 262 06/12/14-22:00:47
1505 41.99 42.00 99.60 4.53 261 06/12/14-22:01:50
1506 41.50 42.00 100.00 4.53 260 06/12/14-22:02:52
1507 41.99 46.00 99.80 4.58 259 06/12/14-22:03:54
1508 41.99 42.00 99.90 4.53 260 06/12/14-22:04:57
1509 40.53 42.00 99.30 3.84 258 06/12/14-22:06:00
1510 41.99 46.00 99.80 3.84 258 06/12/14-22:07:03
1511 41.99 42.00 99.40 3.84 257 06/12/14-22:08:06
1512 41.02 42.00 99.60 3.78 258 06/12/14-22:09:09
1513 40.04 43.00 99.80 3.73 258 06/12/14-22:10:11
1514 41.50 43.00 99.50 3.84 259 06/12/14-22:11:13
1515 40.53 44.00 99.80 3.73 259 06/12/14-22:12:16
1516 40.53 42.00 99.90 3.73 259 06/12/14-22:13:19
1517 41.99 50.00 99.80 3.73 259 06/12/14-22:14:22
1518 41.50 42.00 99.50 3.84 259 06/12/14-22:15:24
1519 41.99 42.00 99.80 3.78 264 06/12/14-22:16:27
1520 41.02 41.00 99.70 3.84 261 06/12/14-22:17:29
1521 41.99 42.00 99.60 3.84 261 06/12/14-22:18:32
1522 40.53 46.00 99.60 3.78 262 06/12/14-22:19:35
1523 41.99 42.00 99.50 3.89 261 06/12/14-22:20:38
1524 61.52 42.00 135.30 160.70 517 08/08/13-20:00:18
1525 52.25 44.00 129.30 162.45 459 06/13/14-12:53:17
