1 189.94 39.00 215.40 240.91 545 02/13/14-11:57:47
2 120.61 39.00 160.50 240.91 530 06/05/14-12:06:09
3 216.80 38.00 377.10 236.03 500 06/05/14-12:07:12
4 139.65 39.00 187.10 237.64 481 06/05/14-12:08:16
5 216.31 39.00 339.40 237.64 465 06/05/14-12:09:19
6 370.61 41.00 324.50 289.07 526 02/13/14-11:57:17
7 192.38 41.00 832.90 280.32 447 06/05/14-20:27:19
8 353.52 43.00 485.50 272.01 411 06/05/14-20:28:23
9 186.52 42.00 117.90 266.05 387 06/05/14-20:29:26
10 333.01 43.00 472.70 254.76 368 06/05/14-20:30:30
11 332.03 42.00 164.00 242.57 353 06/05/14-20:31:33
12 332.03 42.00 192.40 231.32 341 06/05/14-20:32:36
13 96.68 47.00 112.70 216.67 329 06/05/14-20:33:40
14 298.34 44.00 829.20 203.47 319 06/05/14-20:34:43
15 54.20 48.00 425.10 190.38 313 06/05/14-20:35:46
16 333.98 45.00 340.20 176.55 305 06/05/14-20:36:50
17 319.82 45.00 217.60 163.33 298 06/05/14-20:37:53
18 310.06 44.00 825.30 153.18 292 06/05/14-20:38:56
19 173.34 49.00 802.30 143.94 287 06/05/14-20:39:59
20 328.13 44.00 626.20 136.18 280 06/05/14-20:41:03
21 280.27 49.00 189.80 130.28 276 06/05/14-20:42:06
22 312.99 45.00 367.90 124.74 270 06/05/14-20:43:10
23 105.47 44.00 751.80 123.56 266 06/05/14-20:44:13
24 51.76 44.00 307.80 121.81 262 06/05/14-20:45:16
25 61.52 45.00 722.30 121.24 259 06/05/14-20:46:20
26 90.82 44.00 102.20 120.10 257 06/05/14-20:47:23
27 52.73 45.00 732.20 118.98 255 06/05/14-20:48:26
28 88.38 44.00 114.00 118.42 253 06/05/14-20:49:30
29 266.60 45.00 772.20 116.78 250 06/05/14-20:50:33
30 313.96 45.00 222.00 114.10 248 06/05/14-20:51:36
31 81.05 44.00 104.80 111.01 247 06/05/14-20:52:40
32 106.45 47.00 124.20 106.58 256 06/05/14-20:53:43
33 274.41 45.00 186.30 101.48 252 06/05/14-20:54:46
34 120.61 46.00 782.40 94.23 252 06/05/14-20:55:50
35 50.29 46.00 277.70 86.53 252 06/05/14-20:56:53
36 261.72 46.00 782.70 79.62 248 06/05/14-20:57:56
37 86.91 46.00 125.50 73.97 245 06/05/14-20:58:58
38 51.27 46.00 423.70 69.91 241 06/05/14-21:00:00
39 244.14 46.00 159.70 66.10 238 06/05/14-21:01:03
40 321.78 46.00 147.10 62.78 237 06/05/14-21:02:06
41 50.78 49.00 705.70 59.87 235 06/05/14-21:03:08
42 49.80 49.00 732.30 57.34 234 06/05/14-21:04:10
43 249.51 46.00 113.30 54.70 233 06/05/14-21:05:13
44 53.71 47.00 382.80 53.02 237 06/05/14-21:06:16
45 111.33 46.00 120.30 50.99 235 06/05/14-21:07:19
46 327.15 49.00 432.50 49.03 236 06/05/14-21:08:22
47 55.66 48.00 762.60 46.60 235 06/05/14-21:09:24
48 316.41 47.00 126.10 43.77 236 06/05/14-21:10:27
49 98.14 48.00 107.90 40.78 234 06/05/14-21:11:29
50 57.62 48.00 500.10 37.37 233 06/05/14-21:12:32
51 142.58 47.00 812.20 33.12 232 06/05/14-21:13:34
52 295.41 47.00 812.30 30.38 232 06/05/14-21:14:37
53 235.35 48.00 103.70 31.01 231 06/05/14-21:15:40
54 60.06 48.00 743.90 29.50 231 06/05/14-21:16:42
55 326.66 47.00 477.30 27.58 230 06/05/14-21:17:45
56 88.38 48.00 109.60 26.42 230 06/05/14-21:18:48
57 62.50 48.00 381.90 25.41 229 06/05/14-21:19:50
58 283.69 48.00 825.80 24.10 230 06/05/14-21:20:53
59 243.65 47.00 817.60 22.83 230 06/05/14-21:21:56
60 266.11 48.00 824.70 21.81 230 06/05/14-21:22:58
61 330.08 47.00 484.20 20.82 230 06/05/14-21:24:01
62 288.09 48.00 824.30 19.47 230 06/05/14-21:25:03
63 70.80 48.00 487.40 18.73 230 06/05/14-21:26:05
64 314.94 48.00 283.10 17.81 230 06/05/14-21:27:08
65 307.62 48.00 780.80 17.02 229 06/05/14-21:28:10
66 203.13 47.00 716.50 16.24 229 06/05/14-21:29:13
67 141.60 48.00 784.90 15.64 228 06/05/14-21:30:16
68 313.96 47.00 787.40 14.81 227 06/05/14-21:31:18
69 87.40 48.00 175.60 14.40 227 06/05/14-21:32:21
70 335.45 48.00 452.40 13.84 228 06/05/14-21:33:23
71 68.36 48.00 730.30 13.37 228 06/05/14-21:34:26
72 66.89 48.00 121.20 10.52 228 06/05/14-21:35:28
73 90.82 48.00 109.90 10.09 228 06/05/14-21:36:30
74 249.02 48.00 181.10 9.60 228 06/05/14-21:37:33
75 72.27 48.00 116.10 9.33 227 06/05/14-21:38:36
76 60.06 48.00 334.30 9.05 227 06/05/14-21:39:38
77 78.61 48.00 111.10 8.72 228 06/05/14-21:40:41
78 122.07 48.00 757.20 8.65 227 06/05/14-21:41:43
79 260.25 48.00 773.30 8.51 227 06/05/14-21:42:46
80 307.13 48.00 812.00 8.18 227 06/05/14-21:43:48
81 309.08 49.00 597.40 8.18 227 06/05/14-21:44:51
82 72.27 48.00 767.50 8.05 227 06/05/14-21:45:53
83 327.15 48.00 194.60 7.98 227 06/05/14-21:46:56
84 155.27 49.00 104.50 7.98 229 06/05/14-21:47:58
85 58.59 48.00 127.00 7.79 230 06/05/14-21:49:00
86 173.34 48.00 419.70 7.85 229 06/05/14-21:50:03
87 97.17 48.00 282.50 7.66 229 06/05/14-21:51:05
88 97.66 49.00 214.20 7.72 229 06/05/14-21:52:08
89 256.35 48.00 785.40 7.85 228 06/05/14-21:53:10
90 278.32 48.00 722.30 7.72 229 06/05/14-21:54:12
91 76.17 48.00 184.60 7.85 228 06/05/14-21:55:15
92 284.67 48.00 532.50 7.72 229 06/05/14-21:56:17
93 231.93 49.00 412.80 7.66 227 06/05/14-21:57:20
94 322.27 49.00 580.10 7.79 228 06/05/14-21:58:22
95 206.05 50.00 411.50 7.72 227 06/05/14-21:59:25
96 289.06 47.00 678.70 8.18 228 06/05/14-22:00:27
97 68.85 49.00 533.10 8.31 229 06/05/14-22:01:30
98 337.40 55.00 160.60 8.38 230 06/05/14-22:02:32
99 59.08 48.00 724.20 8.12 231 06/05/14-22:03:34
100 59.08 49.00 758.00 8.25 232 06/05/14-22:04:37
101 306.15 48.00 616.70 8.18 232 06/05/14-22:05:39
102 310.06 50.00 492.90 7.79 231 06/05/14-22:06:42
103 332.03 52.00 173.10 7.72 231 06/05/14-22:07:44
104 91.31 49.00 759.20 7.79 232 06/05/14-22:08:47
105 97.17 49.00 114.40 7.85 239 06/05/14-22:09:50
106 311.52 50.00 794.30 7.79 235 06/05/14-22:10:52
107 118.65 49.00 785.60 7.72 235 06/05/14-22:11:55
108 338.87 49.00 346.60 7.85 235 06/05/14-22:12:57
109 183.59 49.00 100.20 7.92 236 06/05/14-22:14:00
110 115.23 49.00 719.80 7.59 235 06/05/14-22:15:02
111 76.17 50.00 440.40 7.59 234 06/05/14-22:16:04
112 322.27 55.00 184.20 7.66 234 06/05/14-22:17:07
113 252.93 54.00 111.60 7.66 233 06/05/14-22:18:09
114 88.87 49.00 105.30 7.66 233 06/05/14-22:19:12
115 91.31 49.00 106.70 7.85 235 06/05/14-22:20:14
116 78.13 50.00 108.40 8.31 235 06/05/14-22:21:17
117 76.17 58.00 517.90 8.18 235 06/05/14-22:22:19
118 326.17 50.00 326.40 8.25 235 06/05/14-22:23:22
119 111.82 57.00 763.90 8.25 235 06/05/14-22:24:25
120 326.17 50.00 566.20 7.66 234 06/05/14-22:25:27
121 67.38 50.00 182.60 7.79 235 06/05/14-22:26:30
122 75.20 51.00 683.40 7.72 234 06/05/14-22:27:33
123 77.15 50.00 108.60 7.79 234 06/05/14-22:28:36
124 331.54 50.00 693.00 7.72 233 06/05/14-22:29:38
125 65.43 50.00 623.60 7.72 234 06/05/14-22:30:41
126 331.54 50.00 650.00 3.39 233 06/05/14-22:31:43
127 314.94 50.00 804.70 3.33 233 06/05/14-22:32:46
128 59.08 50.00 241.60 3.39 233 06/05/14-22:33:48
129 83.50 50.00 496.20 3.50 232 06/05/14-22:34:50
130 61.52 51.00 277.40 3.39 232 06/05/14-22:35:53
131 62.01 50.00 350.00 3.44 231 06/05/14-22:36:55
132 296.39 50.00 818.40 3.44 231 06/05/14-22:37:58
133 310.55 50.00 810.00 3.44 231 06/05/14-22:39:00
134 64.94 50.00 534.40 3.39 231 06/05/14-22:40:03
135 336.91 51.00 676.60 3.22 230 06/05/14-22:41:05
136 129.39 50.00 471.70 3.44 231 06/05/14-22:42:08
137 342.77 50.00 766.60 3.39 231 06/05/14-22:43:11
138 65.43 50.00 285.30 3.33 231 06/05/14-22:44:13
139 94.73 51.00 719.30 3.39 230 06/05/14-22:45:16
140 138.67 50.00 115.70 3.28 230 06/05/14-22:46:18
141 58.11 50.00 163.60 3.44 230 06/05/14-22:47:21
142 331.54 50.00 531.10 3.39 230 06/05/14-22:48:23
143 324.71 50.00 754.30 3.44 230 06/05/14-22:49:26
144 90.33 51.00 335.40 3.44 231 06/05/14-22:50:28
145 57.13 51.00 157.30 3.56 232 06/05/14-22:51:31
146 67.87 51.00 263.30 3.73 230 06/05/14-22:52:33
147 317.38 51.00 753.20 3.33 231 06/05/14-22:53:35
148 59.57 52.00 204.20 3.39 231 06/05/14-22:54:38
149 100.59 51.00 203.50 3.39 231 06/05/14-22:55:40
150 307.62 51.00 701.80 3.39 230 06/05/14-22:56:43
151 326.17 51.00 614.80 3.33 230 06/05/14-22:57:46
152 57.13 52.00 149.70 3.44 230 06/05/14-22:58:48
153 107.42 52.00 266.10 3.44 230 06/05/14-22:59:51
154 131.84 53.00 771.80 3.50 230 06/05/14-23:00:53
155 328.61 52.00 132.80 3.33 230 06/05/14-23:01:56
156 90.33 55.00 320.70 3.39 230 06/05/14-23:02:59
157 156.25 57.00 155.20 3.44 230 06/05/14-23:04:02
158 85.45 53.00 276.10 3.44 230 06/05/14-23:05:04
159 69.82 57.00 656.90 3.33 230 06/05/14-23:06:07
160 60.06 52.00 227.40 3.33 229 06/05/14-23:07:09
161 336.43 53.00 609.90 3.39 229 06/05/14-23:08:12
162 255.86 53.00 746.50 3.39 229 06/05/14-23:09:14
163 335.94 53.00 359.90 3.39 229 06/05/14-23:10:17
164 61.04 53.00 277.50 3.50 229 06/05/14-23:11:19
165 333.50 54.00 267.70 3.56 227 06/05/14-23:12:22
166 198.24 53.00 823.70 3.50 228 06/05/14-23:13:24
167 340.82 55.00 470.30 3.44 229 06/05/14-23:14:27
168 66.89 55.00 521.30 3.44 228 06/05/14-23:15:29
169 92.29 53.00 131.80 3.44 228 06/05/14-23:16:32
170 333.98 59.00 636.00 3.39 228 06/05/14-23:17:34
171 330.08 53.00 356.20 3.50 228 06/05/14-23:18:37
172 125.98 54.00 639.90 3.39 228 06/05/14-23:19:39
173 220.70 55.00 699.60 3.33 227 06/05/14-23:20:42
174 62.50 56.00 205.10 3.50 227 06/05/14-23:21:44
175 303.22 59.00 661.00 3.39 228 06/05/14-23:22:47
176 277.83 57.00 317.70 3.44 226 06/05/14-23:23:49
177 340.33 54.00 763.10 3.44 227 06/05/14-23:24:52
178 281.25 54.00 497.40 3.39 227 06/05/14-23:25:54
179 330.08 54.00 494.40 3.39 227 06/05/14-23:26:57
180 53.71 54.00 229.90 3.39 227 06/05/14-23:28:00
181 67.38 54.00 375.90 3.50 226 06/05/14-23:29:02
182 56.15 54.00 176.30 3.50 228 06/05/14-23:30:05
183 337.40 54.00 223.70 3.50 227 06/05/14-23:31:07
184 335.94 55.00 313.30 3.50 227 06/05/14-23:32:09
185 336.43 56.00 189.90 3.44 227 06/05/14-23:33:12
186 283.69 57.00 116.60 3.44 227 06/05/14-23:34:14
187 337.89 58.00 553.90 3.50 227 06/05/14-23:35:16
188 56.64 56.00 646.40 3.39 226 06/05/14-23:36:19
189 114.26 54.00 117.60 3.44 227 06/05/14-23:37:21
190 63.48 55.00 155.40 3.44 228 06/05/14-23:38:24
191 85.94 55.00 109.80 3.44 228 06/05/14-23:39:26
192 331.05 56.00 578.00 3.50 228 06/05/14-23:40:29
193 64.45 55.00 396.00 3.39 229 06/05/14-23:41:32
194 127.44 55.00 120.10 3.50 229 06/05/14-23:42:34
195 341.31 54.00 779.30 3.44 229 06/05/14-23:43:36
196 88.87 55.00 347.60 3.44 230 06/05/14-23:44:39
197 97.66 55.00 105.30 3.44 230 06/05/14-23:45:41
198 231.93 54.00 628.10 3.39 231 06/05/14-23:46:44
199 310.06 56.00 732.20 3.50 231 06/05/14-23:47:46
200 289.06 55.00 538.90 3.44 230 06/05/14-23:48:49
201 67.38 56.00 267.70 3.50 229 06/05/14-23:49:52
202 340.33 54.00 714.50 3.44 230 06/05/14-23:50:54
203 341.31 59.00 781.10 3.39 229 06/05/14-23:51:57
204 176.76 55.00 186.70 3.39 230 06/05/14-23:52:59
205 334.96 56.00 809.00 3.50 229 06/05/14-23:54:02
206 94.73 56.00 202.40 3.50 230 06/05/14-23:55:04
207 128.91 56.00 581.50 3.44 230 06/05/14-23:56:07
208 222.17 56.00 583.10 3.44 230 06/05/14-23:57:09
209 303.71 55.00 587.20 3.39 230 06/05/14-23:58:12
210 77.15 55.00 152.10 3.50 229 06/05/14-23:59:14
211 340.33 55.00 363.30 3.44 230 06/06/14-00:00:17
212 105.96 57.00 499.60 3.39 230 06/06/14-00:01:20
213 263.67 59.00 504.00 3.39 230 06/06/14-00:02:22
214 61.04 55.00 730.20 3.39 230 06/06/14-00:03:25
215 65.43 56.00 604.40 3.44 230 06/06/14-00:04:27
216 318.85 56.00 158.60 3.39 229 06/06/14-00:05:29
217 64.45 55.00 736.10 3.44 229 06/06/14-00:06:32
218 155.27 56.00 108.80 3.50 229 06/06/14-00:07:34
219 324.71 55.00 166.70 3.50 229 06/06/14-00:08:37
220 329.10 56.00 625.10 3.39 228 06/06/14-00:09:39
221 261.72 55.00 819.30 3.44 229 06/06/14-00:10:42
222 225.59 60.00 102.80 3.39 228 06/06/14-00:11:44
223 58.59 55.00 417.50 3.33 229 06/06/14-00:12:46
224 60.06 55.00 173.60 3.44 229 06/06/14-00:13:49
225 66.41 55.00 546.90 3.39 230 06/06/14-00:14:52
226 98.14 58.00 100.70 3.50 229 06/06/14-00:15:54
227 339.36 56.00 730.20 3.44 230 06/06/14-00:16:57
228 57.62 56.00 189.70 3.44 231 06/06/14-00:17:59
229 322.27 56.00 800.20 3.44 230 06/06/14-00:19:02
230 59.08 55.00 198.20 3.50 230 06/06/14-00:20:04
231 55.66 55.00 154.00 3.50 230 06/06/14-00:21:06
232 306.64 56.00 792.70 3.56 231 06/06/14-00:22:09
233 63.96 56.00 344.20 3.39 231 06/06/14-00:23:12
234 57.13 56.00 156.00 3.50 230 06/06/14-00:24:14
235 308.11 56.00 808.80 3.39 230 06/06/14-00:25:17
236 336.43 56.00 748.10 3.50 230 06/06/14-00:26:19
237 336.43 56.00 785.50 3.44 231 06/06/14-00:27:22
238 304.20 59.00 683.70 3.44 230 06/06/14-00:28:25
239 55.18 56.00 158.40 3.44 230 06/06/14-00:29:27
240 232.91 58.00 569.40 3.44 230 06/06/14-00:30:30
241 335.94 56.00 528.50 3.56 230 06/06/14-00:31:32
242 220.70 56.00 133.70 3.39 230 06/06/14-00:32:34
243 97.17 56.00 723.40 3.44 229 06/06/14-00:33:37
244 59.08 55.00 181.90 3.50 229 06/06/14-00:34:39
245 85.94 56.00 139.60 3.33 230 06/06/14-00:35:42
246 334.96 55.00 706.80 3.50 230 06/06/14-00:36:45
247 63.48 55.00 325.10 3.39 230 06/06/14-00:37:47
248 65.43 55.00 168.70 3.39 230 06/06/14-00:38:50
249 325.20 55.00 766.30 3.44 230 06/06/14-00:39:53
250 87.40 55.00 185.30 3.50 230 06/06/14-00:40:56
251 117.19 54.00 410.90 3.44 230 06/06/14-00:41:59
252 59.57 56.00 205.20 3.44 230 06/06/14-00:43:01
253 325.68 57.00 642.90 3.39 230 06/06/14-00:44:04
254 336.43 53.00 702.90 3.44 229 06/06/14-00:45:06
255 55.66 53.00 180.90 3.33 230 06/06/14-00:46:08
256 56.15 58.00 152.60 3.44 230 06/06/14-00:47:11
257 330.08 54.00 797.10 3.39 230 06/06/14-00:48:13
258 339.36 55.00 749.10 3.39 230 06/06/14-00:49:16
259 64.94 57.00 235.10 3.50 231 06/06/14-00:50:18
260 58.11 53.00 231.20 3.44 230 06/06/14-00:51:21
261 314.94 53.00 693.50 3.50 230 06/06/14-00:52:24
262 307.13 54.00 631.60 3.50 230 06/06/14-00:53:26
263 240.72 52.00 698.00 3.50 230 06/06/14-00:54:29
264 305.18 52.00 572.40 3.39 230 06/06/14-00:55:31
265 298.83 51.00 819.20 3.50 231 06/06/14-00:56:34
266 97.17 53.00 136.70 3.44 231 06/06/14-00:57:36
267 326.17 57.00 813.60 3.50 231 06/06/14-00:58:39
268 113.28 51.00 139.80 3.44 231 06/06/14-00:59:41
269 312.50 50.00 396.50 3.50 233 06/06/14-01:00:44
270 94.24 52.00 349.90 3.44 233 06/06/14-01:01:46
271 63.96 50.00 792.20 3.44 233 06/06/14-01:02:49
272 81.54 56.00 321.00 3.44 233 06/06/14-01:03:51
273 300.29 50.00 552.80 3.50 234 06/06/14-01:04:53
274 87.40 51.00 398.40 3.39 235 06/06/14-01:05:56
275 137.21 50.00 210.30 3.50 235 06/06/14-01:06:58
276 59.57 57.00 687.80 3.44 237 06/06/14-01:08:01
277 328.13 50.00 390.10 3.50 238 06/06/14-01:09:03
278 66.89 53.00 775.10 3.39 239 06/06/14-01:10:06
279 331.54 50.00 138.80 3.50 240 06/06/14-01:11:08
280 339.36 53.00 232.50 3.44 242 06/06/14-01:12:11
281 330.57 50.00 176.60 3.50 242 06/06/14-01:13:13
282 314.94 51.00 791.70 3.50 243 06/06/14-01:14:16
283 89.84 50.00 121.00 3.50 243 06/06/14-01:15:18
284 325.68 51.00 562.20 3.44 243 06/06/14-01:16:21
285 265.14 51.00 343.50 3.44 242 06/06/14-01:17:23
286 117.68 50.00 737.70 3.50 242 06/06/14-01:18:26
287 268.55 50.00 173.30 3.44 242 06/06/14-01:19:28
288 330.57 50.00 795.40 3.44 240 06/06/14-01:20:31
289 258.79 55.00 373.60 3.50 240 06/06/14-01:21:33
290 238.77 49.00 241.00 3.39 240 06/06/14-01:22:36
291 65.43 49.00 382.20 3.44 240 06/06/14-01:23:38
292 295.90 49.00 743.00 3.39 240 06/06/14-01:24:42
293 241.70 49.00 735.30 3.44 239 06/06/14-01:25:44
294 81.05 49.00 110.00 3.50 239 06/06/14-01:26:47
295 57.13 50.00 175.40 3.50 239 06/06/14-01:27:50
296 214.36 49.00 649.30 3.44 237 06/06/14-01:28:52
297 335.45 49.00 693.40 3.44 238 06/06/14-01:29:55
298 333.50 49.00 506.10 3.50 238 06/06/14-01:30:57
299 62.99 49.00 363.00 3.39 239 06/06/14-01:32:00
300 270.02 49.00 341.90 3.44 239 06/06/14-01:33:02
301 94.24 49.00 113.00 3.50 238 06/06/14-01:34:05
302 63.96 49.00 139.20 3.39 238 06/06/14-01:35:08
303 333.98 50.00 774.60 3.39 238 06/06/14-01:36:10
304 255.37 57.00 358.20 3.44 238 06/06/14-01:37:13
305 336.43 49.00 559.30 3.44 238 06/06/14-01:38:15
306 321.29 49.00 793.80 3.56 238 06/06/14-01:39:18
307 331.54 50.00 643.50 3.50 238 06/06/14-01:40:20
308 84.47 49.00 112.40 3.44 238 06/06/14-01:41:23
309 329.59 57.00 609.60 3.44 238 06/06/14-01:42:25
310 73.24 49.00 117.40 3.44 238 06/06/14-01:43:28
311 304.20 49.00 816.60 3.50 238 06/06/14-01:44:30
312 60.06 49.00 291.40 3.44 238 06/06/14-01:45:33
313 73.24 50.00 127.20 3.44 238 06/06/14-01:46:36
314 329.59 49.00 801.50 3.44 238 06/06/14-01:47:38
315 259.77 49.00 685.20 3.39 238 06/06/14-01:48:41
316 316.41 49.00 298.30 3.33 238 06/06/14-01:49:43
317 334.96 49.00 662.60 3.44 238 06/06/14-01:50:46
318 268.55 49.00 780.20 3.44 239 06/06/14-01:51:48
319 338.87 48.00 770.90 3.39 239 06/06/14-01:52:51
320 64.45 49.00 144.40 3.33 239 06/06/14-01:53:53
321 61.04 49.00 155.60 3.56 239 06/06/14-01:54:56
322 93.75 49.00 145.10 3.61 239 06/06/14-01:55:59
323 65.92 49.00 121.00 3.39 239 06/06/14-01:57:01
324 80.57 49.00 184.40 3.50 239 06/06/14-01:58:03
325 335.45 49.00 681.50 3.50 239 06/06/14-01:59:06
326 164.06 51.00 159.30 3.44 239 06/06/14-02:00:09
327 57.13 50.00 691.00 3.44 239 06/06/14-02:01:11
328 191.89 56.00 713.40 3.44 239 06/06/14-02:02:14
329 236.33 50.00 764.30 3.44 240 06/06/14-02:03:16
330 264.16 50.00 672.30 3.44 240 06/06/14-02:04:19
331 243.65 49.00 149.50 3.44 239 06/06/14-02:05:22
332 57.62 49.00 422.80 3.44 239 06/06/14-02:06:24
333 223.14 51.00 798.30 3.50 240 06/06/14-02:07:27
334 335.45 50.00 710.60 3.56 240 06/06/14-02:08:29
335 67.38 50.00 738.80 3.44 240 06/06/14-02:09:31
336 335.94 54.00 515.60 3.44 240 06/06/14-02:10:34
337 68.85 58.00 751.20 3.39 241 06/06/14-02:11:36
338 100.59 50.00 106.20 3.44 240 06/06/14-02:12:39
339 146.00 50.00 120.10 3.39 240 06/06/14-02:13:41
340 142.09 50.00 148.10 3.56 240 06/06/14-02:14:44
341 75.68 50.00 118.20 3.44 240 06/06/14-02:15:47
342 71.78 50.00 630.40 3.50 240 06/06/14-02:16:49
343 94.73 50.00 133.60 3.44 241 06/06/14-02:17:52
344 317.38 50.00 769.80 3.44 240 06/06/14-02:18:54
345 73.24 49.00 309.70 3.44 241 06/06/14-02:19:57
346 85.94 50.00 133.60 3.50 241 06/06/14-02:21:00
347 65.43 49.00 285.90 3.39 241 06/06/14-02:22:02
348 70.31 50.00 117.90 3.50 241 06/06/14-02:23:04
349 325.68 49.00 430.40 3.39 240 06/06/14-02:24:07
350 287.11 49.00 637.20 3.44 242 06/06/14-02:25:09
351 64.94 49.00 257.70 3.56 241 06/06/14-02:26:12
352 330.08 49.00 590.60 3.56 241 06/06/14-02:27:14
353 175.78 50.00 190.50 3.44 241 06/06/14-02:28:17
354 157.23 50.00 205.60 3.44 242 06/06/14-02:29:20
355 63.48 49.00 384.60 3.50 242 06/06/14-02:30:22
356 268.07 49.00 144.70 3.50 242 06/06/14-02:31:24
357 73.24 49.00 118.50 3.50 242 06/06/14-02:32:27
358 337.89 48.00 580.00 3.50 242 06/06/14-02:33:29
359 166.02 48.00 798.90 3.39 242 06/06/14-02:34:32
360 337.40 49.00 759.20 3.44 242 06/06/14-02:35:34
361 182.13 50.00 769.20 3.44 242 06/06/14-02:36:36
362 71.29 49.00 121.10 3.50 242 06/06/14-02:37:39
363 303.22 48.00 823.30 3.50 242 06/06/14-02:38:41
364 335.45 50.00 591.70 3.44 243 06/06/14-02:39:44
365 329.10 48.00 413.70 3.44 243 06/06/14-02:40:47
366 280.27 50.00 176.70 3.44 243 06/06/14-02:41:49
367 62.99 50.00 144.50 3.50 243 06/06/14-02:42:52
368 338.38 50.00 420.20 3.44 243 06/06/14-02:43:55
369 62.01 50.00 196.30 3.44 243 06/06/14-02:44:57
370 336.91 48.00 744.30 3.50 242 06/06/14-02:45:59
371 94.24 49.00 116.10 3.39 243 06/06/14-02:47:02
372 292.97 49.00 222.50 3.44 244 06/06/14-02:48:05
373 306.64 54.00 818.70 3.44 244 06/06/14-02:49:07
374 106.45 50.00 134.10 3.33 244 06/06/14-02:50:10
375 320.31 50.00 802.10 3.44 244 06/06/14-02:51:12
376 125.98 50.00 502.30 3.44 242 06/06/14-02:52:15
377 297.36 56.00 718.00 3.44 246 06/06/14-02:53:18
378 247.07 50.00 694.10 3.39 246 06/06/14-02:54:20
379 308.59 49.00 808.50 3.50 246 06/06/14-02:55:23
380 312.50 50.00 333.50 3.39 246 06/06/14-02:56:26
381 81.54 48.00 454.30 3.50 244 06/06/14-02:57:29
382 337.89 50.00 756.80 3.44 244 06/06/14-02:58:31
383 65.43 48.00 278.30 3.44 244 06/06/14-02:59:34
384 179.69 49.00 141.10 3.44 244 06/06/14-03:00:36
385 91.80 48.00 776.90 3.44 243 06/06/14-03:01:39
386 235.84 50.00 814.80 3.33 244 06/06/14-03:02:41
387 245.61 49.00 815.60 3.44 244 06/06/14-03:03:44
388 335.94 49.00 783.50 3.39 243 06/06/14-03:04:46
389 304.20 51.00 794.70 3.44 244 06/06/14-03:05:49
390 312.99 49.00 814.00 3.44 244 06/06/14-03:06:51
391 244.63 51.00 228.10 3.44 236 06/06/14-03:07:54
392 62.01 50.00 229.60 3.44 243 06/06/14-03:08:56
393 300.78 48.00 808.10 3.39 244 06/06/14-03:09:59
394 185.55 48.00 696.20 3.44 243 06/06/14-03:11:01
395 65.92 49.00 518.40 3.44 243 06/06/14-03:12:03
396 335.45 49.00 378.10 3.44 244 06/06/14-03:13:06
397 102.54 51.00 619.80 3.50 243 06/06/14-03:14:09
398 62.01 50.00 411.10 3.33 243 06/06/14-03:15:11
399 61.52 50.00 221.50 3.50 241 06/06/14-03:16:14
400 90.82 50.00 117.90 3.44 242 06/06/14-03:17:16
401 333.01 49.00 804.10 3.50 242 06/06/14-03:18:19
402 286.62 53.00 779.50 3.44 242 06/06/14-03:19:21
403 329.10 50.00 358.50 3.44 242 06/06/14-03:20:24
404 321.29 49.00 816.80 3.44 242 06/06/14-03:21:26
405 133.30 49.00 711.70 3.44 242 06/06/14-03:22:28
406 184.57 50.00 158.80 3.44 242 06/06/14-03:23:31
407 175.29 49.00 171.20 3.50 242 06/06/14-03:24:33
408 330.57 49.00 243.50 3.39 243 06/06/14-03:25:36
409 69.34 50.00 124.90 3.44 242 06/06/14-03:26:39
410 182.13 50.00 256.70 3.44 242 06/06/14-03:27:41
411 212.89 50.00 734.50 3.39 243 06/06/14-03:28:43
412 85.45 50.00 118.40 3.44 243 06/06/14-03:29:46
413 66.41 53.00 360.80 3.50 243 06/06/14-03:30:49
414 233.40 53.00 243.00 3.39 243 06/06/14-03:31:51
415 322.27 50.00 810.20 3.33 242 06/06/14-03:32:53
416 177.25 50.00 184.90 3.44 242 06/06/14-03:33:56
417 312.99 49.00 808.80 3.44 243 06/06/14-03:34:58
418 138.18 50.00 137.20 3.44 242 06/06/14-03:36:01
419 334.47 50.00 788.20 3.44 242 06/06/14-03:37:03
420 336.43 56.00 572.50 3.50 242 06/06/14-03:38:06
421 212.89 48.00 199.70 3.50 242 06/06/14-03:39:08
422 164.55 50.00 147.90 3.50 243 06/06/14-03:40:11
423 331.54 49.00 580.70 3.50 244 06/06/14-03:41:13
424 282.71 48.00 778.30 3.44 244 06/06/14-03:42:16
425 229.98 49.00 600.20 3.44 244 06/06/14-03:43:18
426 310.55 49.00 816.30 3.44 245 06/06/14-03:44:21
427 62.99 49.00 592.90 3.44 246 06/06/14-03:45:23
428 233.40 49.00 809.80 3.39 246 06/06/14-03:46:26
429 63.96 49.00 545.00 3.50 248 06/06/14-03:47:29
430 90.33 49.00 111.90 3.50 247 06/06/14-03:48:31
431 311.52 50.00 226.60 3.44 247 06/06/14-03:49:34
432 62.50 49.00 153.80 3.44 248 06/06/14-03:50:36
433 229.00 50.00 346.60 3.44 247 06/06/14-03:51:39
434 272.95 50.00 697.00 3.61 247 06/06/14-03:52:41
435 61.52 56.00 159.20 3.56 248 06/06/14-03:53:44
436 215.82 50.00 263.40 3.44 248 06/06/14-03:54:47
437 97.17 49.00 246.40 3.44 248 06/06/14-03:55:50
438 146.00 50.00 564.70 3.44 247 06/06/14-03:56:53
439 106.45 50.00 481.70 3.50 247 06/06/14-03:57:56
440 336.91 50.00 593.40 3.39 247 06/06/14-03:58:58
441 324.71 50.00 806.20 3.50 247 06/06/14-04:00:01
442 96.19 50.00 153.90 3.44 247 06/06/14-04:01:03
443 163.09 53.00 110.80 3.44 247 06/06/14-04:02:06
444 312.01 49.00 812.60 3.50 248 06/06/14-04:03:08
445 64.94 51.00 205.00 3.50 247 06/06/14-04:04:11
446 84.47 55.00 660.10 3.50 247 06/06/14-04:05:14
447 232.91 57.00 825.10 3.61 247 06/06/14-04:06:16
448 112.79 49.00 738.90 3.50 247 06/06/14-04:07:19
449 338.38 50.00 729.70 3.50 247 06/06/14-04:08:21
450 68.85 49.00 137.90 3.56 247 06/06/14-04:09:24
451 335.94 50.00 440.00 3.50 247 06/06/14-04:10:26
452 223.63 50.00 165.00 3.44 247 06/06/14-04:11:28
453 324.22 56.00 497.60 3.50 247 06/06/14-04:12:31
454 337.40 49.00 740.50 3.50 248 06/06/14-04:13:33
455 255.86 50.00 240.80 3.44 247 06/06/14-04:14:36
456 338.87 51.00 742.60 3.50 247 06/06/14-04:15:38
457 335.94 50.00 641.20 3.33 247 06/06/14-04:16:41
458 330.08 49.00 610.70 3.44 246 06/06/14-04:17:43
459 61.52 57.00 197.70 3.56 246 06/06/14-04:18:46
460 142.58 49.00 595.20 3.50 247 06/06/14-04:19:48
461 62.99 56.00 552.70 3.39 247 06/06/14-04:20:51
462 338.38 49.00 395.80 3.33 247 06/06/14-04:21:53
463 336.91 57.00 776.00 3.39 247 06/06/14-04:22:56
464 339.84 49.00 742.80 3.50 245 06/06/14-04:23:58
465 311.04 49.00 819.70 3.50 247 06/06/14-04:25:01
466 68.36 49.00 513.80 3.56 247 06/06/14-04:26:03
467 61.52 49.00 168.80 3.50 248 06/06/14-04:27:06
468 100.59 49.00 107.10 3.44 248 06/06/14-04:28:08
469 281.74 50.00 247.60 3.39 247 06/06/14-04:29:11
470 201.17 49.00 160.40 3.50 248 06/06/14-04:30:13
471 104.00 49.00 104.40 3.50 248 06/06/14-04:31:16
472 95.21 49.00 488.30 3.50 248 06/06/14-04:32:18
473 269.53 50.00 247.30 3.50 248 06/06/14-04:33:21
474 301.76 50.00 812.90 3.56 249 06/06/14-04:34:23
475 103.03 50.00 141.00 3.44 248 06/06/14-04:35:26
476 116.70 49.00 138.50 3.50 248 06/06/14-04:36:28
477 340.33 49.00 670.90 3.39 248 06/06/14-04:37:31
478 127.93 48.00 132.70 3.50 248 06/06/14-04:38:33
479 173.83 57.00 649.40 3.50 248 06/06/14-04:39:36
480 333.01 49.00 472.20 3.50 248 06/06/14-04:40:38
481 305.18 48.00 817.10 3.39 248 06/06/14-04:41:41
482 71.29 50.00 118.30 3.44 247 06/06/14-04:42:43
483 71.78 50.00 121.30 3.44 248 06/06/14-04:43:46
484 338.87 49.00 729.50 3.44 248 06/06/14-04:44:48
485 138.18 49.00 707.40 3.44 248 06/06/14-04:45:51
486 272.95 49.00 471.10 3.39 249 06/06/14-04:46:54
487 311.52 50.00 801.70 3.44 248 06/06/14-04:47:56
488 67.38 49.00 363.00 3.50 248 06/06/14-04:48:58
489 76.66 49.00 734.80 3.44 248 06/06/14-04:50:01
490 341.31 49.00 691.30 3.50 248 06/06/14-04:51:03
491 183.59 49.00 210.00 3.44 248 06/06/14-04:52:06
492 334.47 57.00 607.20 3.50 248 06/06/14-04:53:09
493 100.59 57.00 111.90 3.50 248 06/06/14-04:54:11
494 338.38 49.00 692.80 3.44 248 06/06/14-04:55:14
495 66.41 53.00 275.90 3.50 248 06/06/14-04:56:16
496 333.01 49.00 607.00 3.44 248 06/06/14-04:57:19
497 73.24 50.00 125.00 3.61 246 06/06/14-04:58:21
498 69.34 51.00 430.80 3.44 247 06/06/14-04:59:24
499 190.92 56.00 498.30 3.50 247 06/06/14-05:00:26
500 325.20 49.00 607.80 3.39 248 06/06/14-05:01:29
501 177.73 49.00 204.90 3.56 247 06/06/14-05:02:32
502 327.64 49.00 420.20 3.50 248 06/06/14-05:03:34
503 308.59 50.00 806.80 3.33 248 06/06/14-05:04:37
504 116.21 49.00 592.00 3.50 248 06/06/14-05:05:39
505 152.83 50.00 544.20 3.39 247 06/06/14-05:06:42
506 328.13 49.00 801.00 3.44 248 06/06/14-05:07:45
507 331.54 49.00 795.60 3.50 248 06/06/14-05:08:47
508 63.96 49.00 129.70 3.44 248 06/06/14-05:09:50
509 103.52 49.00 124.60 3.44 248 06/06/14-05:10:53
510 311.04 49.00 807.90 3.50 248 06/06/14-05:11:55
511 90.33 50.00 143.10 3.50 249 06/06/14-05:12:57
512 122.07 54.00 721.70 3.44 248 06/06/14-05:14:00
513 331.54 49.00 783.10 3.50 249 06/06/14-05:15:02
514 66.41 54.00 465.30 3.44 249 06/06/14-05:16:05
515 61.52 50.00 163.00 3.50 249 06/06/14-05:17:08
516 337.89 49.00 718.40 3.56 249 06/06/14-05:18:11
517 143.55 57.00 446.40 3.44 249 06/06/14-05:19:13
518 257.32 49.00 778.00 3.56 249 06/06/14-05:20:16
519 320.31 50.00 446.40 3.44 250 06/06/14-05:21:18
520 333.01 49.00 792.30 3.39 250 06/06/14-05:22:21
521 237.30 49.00 794.40 3.50 250 06/06/14-05:23:23
522 228.03 50.00 820.80 3.50 250 06/06/14-05:24:26
523 160.16 49.00 144.60 3.50 251 06/06/14-05:25:28
524 329.10 50.00 811.60 3.50 252 06/06/14-05:26:31
525 208.01 49.00 119.60 3.44 252 06/06/14-05:27:33
526 333.01 54.00 778.00 3.50 252 06/06/14-05:28:36
527 104.98 50.00 212.30 3.50 251 06/06/14-05:29:38
528 124.51 50.00 458.00 3.50 251 06/06/14-05:30:41
529 292.97 55.00 383.70 3.50 252 06/06/14-05:31:43
530 181.64 50.00 206.60 3.50 250 06/06/14-05:32:45
531 71.78 50.00 376.70 3.61 249 06/06/14-05:33:48
532 317.87 52.00 797.00 3.44 250 06/06/14-05:34:51
533 331.05 50.00 609.10 3.50 249 06/06/14-05:35:53
534 65.92 52.00 148.00 3.50 248 06/06/14-05:36:56
535 93.26 49.00 114.30 3.50 249 06/06/14-05:37:59
536 297.36 50.00 142.20 3.56 250 06/06/14-05:39:01
537 316.89 50.00 815.20 3.44 250 06/06/14-05:40:04
538 60.55 49.00 245.50 3.50 251 06/06/14-05:41:06
539 63.96 52.00 227.40 3.61 251 06/06/14-05:42:09
540 336.43 50.00 456.90 3.61 250 06/06/14-05:43:11
541 69.82 50.00 526.70 3.56 251 06/06/14-05:44:14
542 72.27 50.00 128.30 3.67 250 06/06/14-05:45:16
543 61.04 57.00 161.20 3.67 248 06/06/14-05:46:19
544 66.41 51.00 215.50 3.67 250 06/06/14-05:47:21
545 164.55 50.00 280.60 3.67 250 06/06/14-05:48:24
546 86.91 49.00 120.90 3.78 250 06/06/14-05:49:26
547 60.06 50.00 272.10 3.78 250 06/06/14-05:50:29
548 256.35 50.00 173.00 3.95 250 06/06/14-05:51:31
549 147.95 50.00 796.20 4.58 250 06/06/14-05:52:34
550 103.03 50.00 757.90 4.64 250 06/06/14-05:53:36
551 89.36 50.00 179.40 4.99 250 06/06/14-05:54:39
552 312.50 51.00 761.40 7.66 249 06/06/14-05:55:41
553 336.91 50.00 273.90 7.98 251 06/06/14-05:56:44
554 335.94 50.00 677.60 8.25 251 06/06/14-05:57:46
555 306.64 50.00 806.40 8.45 249 06/06/14-05:58:50
556 143.07 51.00 382.20 8.72 251 06/06/14-05:59:52
557 323.73 50.00 547.70 9.05 251 06/06/14-06:00:55
558 142.09 57.00 486.00 9.47 251 06/06/14-06:01:58
559 336.91 50.00 741.80 9.95 251 06/06/14-06:03:00
560 146.97 54.00 248.70 10.31 252 06/06/14-06:04:03
561 65.92 49.00 128.90 10.95 251 06/06/14-06:05:05
562 66.41 50.00 134.90 11.54 252 06/06/14-06:06:07
563 92.29 50.00 115.20 11.46 251 06/06/14-06:07:10
564 85.45 50.00 564.30 12.36 251 06/06/14-06:08:13
565 336.91 52.00 733.70 12.98 251 06/06/14-06:09:16
566 126.46 50.00 112.60 14.00 252 06/06/14-06:10:18
567 172.36 50.00 816.10 14.65 253 06/06/14-06:11:20
568 66.41 55.00 721.80 16.06 252 06/06/14-06:12:23
569 267.58 51.00 118.30 17.02 256 06/06/14-06:13:26
570 106.93 50.00 761.90 18.27 255 06/06/14-06:14:28
571 68.85 50.00 324.90 19.66 255 06/06/14-06:15:31
572 252.44 50.00 785.30 20.72 254 06/06/14-06:16:33
573 229.98 49.00 825.50 21.71 254 06/06/14-06:17:35
574 323.73 58.00 476.20 23.25 253 06/06/14-06:18:38
575 180.18 50.00 819.10 23.99 253 06/06/14-06:19:41
576 144.04 51.00 812.00 25.07 253 06/06/14-06:20:44
577 305.18 50.00 774.20 26.19 252 06/06/14-06:21:46
578 72.75 50.00 254.20 27.69 252 06/06/14-06:22:49
579 63.96 50.00 671.50 29.63 252 06/06/14-06:23:51
580 329.59 50.00 308.80 31.66 251 06/06/14-06:24:54
581 208.01 51.00 815.20 33.52 253 06/06/14-06:25:57
582 257.81 58.00 180.80 35.62 253 06/06/14-06:26:59
583 297.36 50.00 813.80 37.67 253 06/06/14-06:28:02
584 102.05 50.00 746.90 39.98 253 06/06/14-06:29:05
585 306.64 50.00 598.00 42.42 253 06/06/14-06:30:07
586 312.01 50.00 430.50 45.34 253 06/06/14-06:31:10
587 313.48 50.00 713.20 48.46 252 06/06/14-06:32:13
588 293.95 49.00 193.40 51.79 252 06/06/14-06:33:15
589 61.52 50.00 465.90 55.13 252 06/06/14-06:34:18
590 316.89 50.00 147.50 59.40 251 06/06/14-06:35:20
591 57.62 50.00 430.40 63.27 251 06/06/14-06:36:23
592 313.96 50.00 184.40 67.70 251 06/06/14-06:37:25
593 57.62 49.00 473.70 72.78 252 06/06/14-06:38:28
594 67.38 54.00 127.80 79.29 252 06/06/14-06:39:30
595 323.73 50.00 185.80 84.38 250 06/06/14-06:40:33
596 112.79 50.00 784.30 87.63 246 06/06/14-06:41:36
597 59.57 51.00 783.20 89.89 251 06/06/14-06:42:38
598 290.53 52.00 579.90 91.44 252 06/06/14-06:43:41
599 68.36 50.00 364.00 94.23 252 06/06/14-06:44:44
600 259.28 50.00 749.20 97.55 252 06/06/14-06:45:46
601 205.08 50.00 113.30 99.71 252 06/06/14-06:46:49
602 53.71 56.00 746.60 103.29 254 06/06/14-06:47:52
603 180.18 50.00 105.70 107.06 253 06/06/14-06:48:54
604 202.15 50.00 777.10 109.50 254 06/06/14-06:49:57
605 326.66 50.00 257.20 108.51 254 06/06/14-06:51:00
606 294.43 50.00 152.90 106.10 254 06/06/14-06:52:02
607 120.12 56.00 807.30 103.75 254 06/06/14-06:53:05
608 265.14 56.00 202.50 103.75 253 06/06/14-06:54:07
609 161.13 50.00 104.30 103.29 253 06/06/14-06:55:10
610 119.14 50.00 810.00 103.29 253 06/06/14-06:56:13
611 107.42 52.00 804.00 103.75 253 06/06/14-06:57:15
612 316.89 49.00 182.60 106.10 256 06/06/14-06:58:18
613 63.96 50.00 766.40 103.29 269 06/06/14-06:59:21
614 251.46 49.00 565.60 97.13 269 06/06/14-07:00:23
615 292.48 52.00 509.80 99.27 265 06/06/14-07:01:26
616 334.47 51.00 516.60 92.22 264 06/06/14-07:02:28
617 274.41 50.00 458.00 103.29 263 06/06/14-07:03:31
618 298.83 50.00 720.70 104.22 267 06/06/14-07:04:34
619 62.50 50.00 193.20 109.50 264 06/06/14-07:05:36
620 332.03 50.00 644.50 113.06 263 06/06/14-07:06:39
621 60.55 50.00 434.20 112.03 273 06/06/14-07:07:42
622 175.78 59.00 799.30 126.55 287 06/06/14-07:08:44
623 307.13 51.00 196.20 121.81 294 06/06/14-07:09:47
624 92.77 51.00 132.10 143.21 279 06/06/14-07:10:50
625 334.96 51.00 540.90 140.34 274 06/06/14-07:11:53
626 93.26 51.00 131.70 142.48 271 06/06/14-07:12:56
627 323.24 53.00 809.70 154.80 269 06/06/14-07:13:58
628 302.73 54.00 832.50 163.33 274 06/06/14-07:15:01
629 100.10 60.00 800.00 170.69 280 06/06/14-07:16:03
630 90.82 52.00 801.30 169.74 273 06/06/14-07:17:06
631 337.40 52.00 215.90 183.79 275 06/06/14-07:18:08
632 338.87 52.00 787.90 189.25 278 06/06/14-07:19:11
633 91.31 52.00 132.80 193.81 276 06/06/14-07:20:13
634 67.87 52.00 763.30 196.15 278 06/06/14-07:21:16
635 82.52 52.00 765.10 197.34 280 06/06/14-07:22:18
636 291.02 53.00 831.60 202.22 278 06/06/14-07:23:21
637 90.82 53.00 453.30 203.47 279 06/06/14-07:24:24
638 73.24 53.00 750.20 204.73 287 06/06/14-07:25:26
639 136.23 53.00 144.50 204.73 297 06/06/14-07:26:29
640 339.36 53.00 236.00 202.22 283 06/06/14-07:27:31
641 67.38 54.00 426.50 198.54 283 06/06/14-07:28:34
642 342.77 53.00 717.60 199.76 278 06/06/14-07:29:36
643 285.16 53.00 728.70 203.47 276 06/06/14-07:30:39
644 207.52 60.00 124.60 203.47 274 06/06/14-07:31:42
645 62.99 52.00 551.90 190.38 271 06/06/14-07:32:45
646 323.73 57.00 425.20 204.73 272 06/06/14-07:33:47
647 223.63 55.00 845.80 204.73 281 06/06/14-07:34:50
648 244.14 53.00 136.40 198.54 291 06/06/14-07:35:52
649 340.82 53.00 727.10 192.65 284 06/06/14-07:36:55
650 305.66 54.00 825.00 188.14 284 06/06/14-07:37:58
651 95.21 60.00 128.10 199.76 279 06/06/14-07:39:01
652 286.62 54.00 838.20 208.59 274 06/06/14-07:40:03
653 117.19 53.00 117.40 212.56 271 06/06/14-07:41:07
654 326.66 54.00 174.20 213.92 273 06/06/14-07:42:10
655 302.73 55.00 829.30 216.67 271 06/06/14-07:43:12
656 250.98 56.00 122.00 219.47 274 06/06/14-07:44:15
657 91.31 58.00 546.10 220.90 276 06/06/14-07:45:17
658 103.03 54.00 304.80 216.67 285 06/06/14-07:46:20
659 68.85 60.00 722.90 206.00 305 06/06/14-07:47:23
660 294.43 60.00 143.10 179.60 293 06/06/14-07:48:25
661 223.14 55.00 147.40 161.57 291 06/06/14-07:49:28
662 111.82 57.00 782.60 171.65 287 06/06/14-07:50:31
663 337.40 58.00 400.70 192.65 280 06/06/14-07:51:33
664 65.43 58.00 195.70 226.76 284 06/06/14-07:52:36
665 153.81 56.00 166.90 252.96 291 06/06/14-07:53:39
666 97.66 61.00 200.10 256.59 285 06/06/14-07:54:41
667 340.33 56.00 728.70 247.68 284 06/06/14-07:55:44
668 234.38 57.00 847.20 242.57 281 06/06/14-07:56:46
669 337.89 58.00 817.70 245.95 282 06/06/14-07:57:49
670 344.24 57.00 634.70 270.00 283 06/06/14-07:58:52
671 181.64 60.00 712.80 276.12 288 06/06/14-07:59:54
672 312.01 57.00 794.10 280.32 285 06/06/14-08:00:57
673 311.04 58.00 593.60 280.32 293 06/06/14-08:02:00
674 202.64 58.00 375.00 286.84 297 06/06/14-08:03:03
675 101.56 58.00 127.70 303.10 291 06/06/14-08:04:05
676 343.26 62.00 572.40 313.12 290 06/06/14-08:05:08
677 216.80 58.00 807.50 313.12 291 06/06/14-08:06:11
678 183.11 58.00 150.40 323.72 281 06/06/14-08:07:14
679 317.87 58.00 163.70 337.88 289 06/06/14-08:08:17
680 73.24 61.00 153.40 346.90 294 06/06/14-08:09:20
681 330.57 57.00 787.50 350.00 288 06/06/14-08:10:22
682 216.80 58.00 128.90 359.60 299 06/06/14-08:11:25
683 323.24 59.00 153.90 366.26 286 06/06/14-08:12:28
684 72.27 58.00 772.30 369.67 295 06/06/14-08:13:31
685 155.76 58.00 833.70 376.67 295 06/06/14-08:14:33
686 346.19 58.00 578.70 380.25 299 06/06/14-08:15:36
687 84.47 59.00 785.90 380.25 292 06/06/14-08:16:39
688 122.07 58.00 121.00 373.14 288 06/06/14-08:17:41
689 102.54 58.00 835.80 366.26 286 06/06/14-08:18:44
690 59.57 59.00 376.50 350.00 284 06/06/14-08:19:47
691 105.47 58.00 831.50 340.84 279 06/06/14-08:20:49
692 338.38 58.00 590.30 340.84 278 06/06/14-08:21:52
693 330.57 58.00 697.90 346.90 281 06/06/14-08:22:55
694 71.29 58.00 250.90 353.15 276 06/06/14-08:23:58
695 343.75 58.00 762.20 362.90 279 06/06/14-08:25:01
696 164.06 58.00 171.50 376.67 278 06/06/14-08:26:03
697 62.99 60.00 379.00 387.61 277 06/06/14-08:27:06
698 62.01 58.00 216.90 376.67 277 06/06/14-08:28:09
699 75.68 58.00 631.10 362.90 281 06/06/14-08:29:12
700 256.84 61.00 850.10 350.00 279 06/06/14-08:30:14
701 59.57 59.00 177.70 353.15 278 06/06/14-08:31:17
702 320.80 59.00 198.60 359.60 276 06/06/14-08:32:19
703 222.66 59.00 159.80 362.90 273 06/06/14-08:33:22
704 213.38 60.00 138.70 376.67 281 06/06/14-08:34:25
705 309.08 60.00 854.20 387.61 280 06/06/14-08:35:27
706 334.96 59.00 830.60 399.12 282 06/06/14-08:36:30
707 66.41 61.00 313.10 411.26 278 06/06/14-08:37:33
708 63.96 59.00 148.70 415.46 275 06/06/14-08:38:35
709 313.96 59.00 835.70 419.73 276 06/06/14-08:39:38
710 78.61 60.00 128.70 415.46 275 06/06/14-08:40:40
711 253.91 59.00 797.00 419.73 272 06/06/14-08:41:43
712 323.73 59.00 384.00 424.08 274 06/06/14-08:42:46
713 250.49 59.00 850.90 419.73 276 06/06/14-08:43:48
714 104.49 58.00 763.10 424.08 276 06/06/14-08:44:51
715 249.51 59.00 841.90 411.26 270 06/06/14-08:45:53
716 100.59 60.00 770.70 419.73 268 06/06/14-08:46:56
717 85.45 59.00 119.00 419.73 265 06/06/14-08:47:58
718 68.85 58.00 123.30 419.73 263 06/06/14-08:49:01
719 172.36 61.00 696.40 428.51 262 06/06/14-08:50:04
720 148.44 58.00 732.40 428.51 262 06/06/14-08:51:06
721 87.40 58.00 110.00 415.46 261 06/06/14-08:52:09
722 329.10 58.00 652.90 407.14 260 06/06/14-08:53:12
723 85.94 61.00 724.40 403.10 259 06/06/14-08:54:14
724 83.98 58.00 121.20 395.22 258 06/06/14-08:55:17
725 213.87 59.00 116.90 391.38 258 06/06/14-08:56:20
726 52.25 56.00 270.40 391.38 256 06/06/14-08:57:22
727 180.18 56.00 105.40 395.22 257 06/06/14-08:58:25
728 106.45 56.00 140.90 399.12 256 06/06/14-08:59:27
729 80.57 55.00 123.20 403.10 256 06/06/14-09:00:30
730 305.18 55.00 717.00 403.10 256 06/06/14-09:01:33
731 319.34 55.00 192.10 415.46 256 06/06/14-09:02:36
732 313.96 55.00 505.80 415.46 255 06/06/14-09:03:39
733 58.59 54.00 437.90 415.46 256 06/06/14-09:04:41
734 55.18 54.00 214.60 419.73 256 06/06/14-09:05:44
735 321.78 54.00 795.00 428.51 256 06/06/14-09:06:46
736 226.56 54.00 169.80 419.73 256 06/06/14-09:07:49
737 163.09 54.00 258.20 437.62 256 06/06/14-09:08:52
738 211.91 54.00 818.10 447.09 256 06/06/14-09:09:54
739 299.32 54.00 717.50 462.00 257 06/06/14-09:10:57
740 57.13 54.00 464.00 472.45 257 06/06/14-09:11:59
741 207.52 55.00 794.70 456.93 257 06/06/14-09:13:02
742 289.06 53.00 809.70 456.93 257 06/06/14-09:14:05
743 286.13 54.00 809.40 456.93 257 06/06/14-09:15:07
744 70.80 56.00 120.80 447.09 257 06/06/14-09:16:10
745 266.11 53.00 797.10 442.31 258 06/06/14-09:17:12
746 295.90 58.00 179.60 447.09 259 06/06/14-09:18:15
747 166.50 57.00 797.00 451.96 261 06/06/14-09:19:17
748 325.68 52.00 497.60 472.45 265 06/06/14-09:20:20
749 58.11 55.00 132.40 477.84 267 06/06/14-09:21:22
750 63.48 59.00 437.90 483.33 269 06/06/14-09:22:25
751 60.06 51.00 554.40 477.84 269 06/06/14-09:23:28
752 274.90 57.00 779.30 488.95 269 06/06/14-09:24:30
753 58.59 52.00 675.30 488.95 268 06/06/14-09:25:33
754 323.73 60.00 746.70 494.68 266 06/06/14-09:26:35
755 300.78 53.00 808.00 483.33 265 06/06/14-09:27:38
756 89.36 51.00 104.60 477.84 265 06/06/14-09:28:41
757 52.25 51.00 142.30 472.45 264 06/06/14-09:29:43
758 61.52 52.00 195.70 472.45 262 06/06/14-09:30:46
759 327.64 54.00 677.10 472.45 262 06/06/14-09:31:48
760 326.17 52.00 333.10 477.84 261 06/06/14-09:32:51
761 160.16 52.00 765.80 462.00 260 06/06/14-09:33:54
762 288.57 53.00 818.40 456.93 259 06/06/14-09:34:56
763 53.71 52.00 156.00 456.93 259 06/06/14-09:35:59
764 54.20 53.00 216.60 467.17 259 06/06/14-09:37:02
765 52.25 53.00 194.50 467.17 258 06/06/14-09:38:05
766 70.80 51.00 516.80 472.45 258 06/06/14-09:39:07
767 126.95 52.00 524.40 506.52 258 06/06/14-09:40:10
768 293.46 54.00 776.40 500.54 258 06/06/14-09:41:12
769 108.40 53.00 701.80 477.84 258 06/06/14-09:42:15
770 300.78 52.00 815.30 462.00 257 06/06/14-09:43:18
771 296.88 52.00 813.90 456.93 256 06/06/14-09:44:21
772 51.76 52.00 250.60 442.31 257 06/06/14-09:45:23
773 259.77 51.00 199.30 447.09 256 06/06/14-09:46:26
774 296.39 53.00 765.50 467.17 256 06/06/14-09:47:28
775 213.38 51.00 113.10 506.52 255 06/06/14-09:48:31
776 262.21 52.00 172.90 545.35 255 06/06/14-09:49:33
777 257.32 54.00 255.90 512.64 255 06/06/14-09:50:35
778 322.27 57.00 588.60 506.52 254 06/06/14-09:51:38
779 106.93 52.00 805.00 531.82 255 06/06/14-09:52:41
780 62.99 52.00 550.70 559.53 255 06/06/14-09:53:43
781 58.11 54.00 781.20 590.00 256 06/06/14-09:54:45
782 318.85 52.00 209.00 582.10 256 06/06/14-09:55:48
783 300.29 52.00 813.60 559.53 256 06/06/14-09:56:51
784 271.48 55.00 488.80 559.53 255 06/06/14-09:57:54
785 214.84 52.00 571.10 559.53 255 06/06/14-09:58:56
786 53.71 52.00 155.90 590.00 255 06/06/14-09:59:59
787 260.74 53.00 821.00 598.10 254 06/06/14-10:01:01
788 170.41 59.00 105.00 590.00 256 06/06/14-10:02:04
789 288.09 52.00 823.00 574.39 255 06/06/14-10:03:06
790 319.34 53.00 389.90 552.35 255 06/06/14-10:04:09
791 302.73 55.00 799.80 525.28 255 06/06/14-10:05:11
792 78.61 52.00 111.20 518.89 255 06/06/14-10:06:14
793 49.32 53.00 202.00 518.89 254 06/06/14-10:07:16
794 57.13 53.00 492.50 506.52 252 06/06/14-10:08:19
795 269.04 57.00 717.50 525.28 251 06/06/14-10:09:22
796 45.41 55.00 188.60 545.35 250 06/06/14-10:10:24
797 224.61 55.00 106.50 552.35 249 06/06/14-10:11:27
798 329.59 55.00 798.80 531.82 248 06/06/14-10:12:30
799 185.55 56.00 165.50 538.51 246 06/06/14-10:13:32
800 334.96 56.00 507.20 538.51 247 06/06/14-10:14:35
801 298.83 56.00 814.80 525.28 247 06/06/14-10:15:38
802 329.10 56.00 738.20 531.82 245 06/06/14-10:16:40
803 65.43 60.00 152.00 552.35 245 06/06/14-10:17:42
804 331.54 57.00 762.00 559.53 244 06/06/14-10:18:45
805 48.34 58.00 222.40 559.53 244 06/06/14-10:19:48
806 334.96 57.00 531.00 559.53 244 06/06/14-10:20:51
807 315.92 56.00 812.10 559.53 242 06/06/14-10:21:53
808 47.36 58.00 366.20 552.35 243 06/06/14-10:22:56
809 326.66 58.00 695.60 559.53 243 06/06/14-10:23:58
810 207.52 60.00 836.20 559.53 242 06/06/14-10:25:01
811 318.85 58.00 799.30 566.87 243 06/06/14-10:26:04
812 50.78 60.00 712.10 582.10 242 06/06/14-10:27:07
813 323.73 58.00 796.60 574.39 243 06/06/14-10:28:09
814 332.03 58.00 466.00 559.53 243 06/06/14-10:29:12
815 55.66 58.00 283.50 518.89 242 06/06/14-10:30:14
816 54.20 58.00 665.20 545.35 242 06/06/14-10:31:17
817 86.43 58.00 107.60 545.35 243 06/06/14-10:32:19
818 83.50 59.00 135.00 525.28 241 06/06/14-10:33:21
819 305.18 60.00 800.80 500.54 241 06/06/14-10:34:24
820 325.68 58.00 616.20 467.17 241 06/06/14-10:35:26
821 170.41 58.00 835.50 433.02 242 06/06/14-10:36:29
822 100.10 58.00 812.60 415.46 242 06/06/14-10:37:32
823 322.27 58.00 356.70 387.61 242 06/06/14-10:38:34
824 282.23 58.00 830.20 376.67 241 06/06/14-10:39:37
825 321.78 58.00 181.30 353.15 241 06/06/14-10:40:40
826 50.29 58.00 120.90 340.84 241 06/06/14-10:41:42
827 69.34 58.00 98.70 343.85 241 06/06/14-10:42:45
828 51.76 58.00 150.10 353.15 241 06/06/14-10:43:47
829 44.43 58.00 174.40 353.15 242 06/06/14-10:44:50
830 63.96 59.00 169.50 366.26 242 06/06/14-10:45:52
831 189.45 59.00 838.70 383.90 242 06/06/14-10:46:55
832 41.99 58.00 258.60 380.25 242 06/06/14-10:47:58
833 328.13 59.00 495.60 383.90 242 06/06/14-10:49:00
834 46.88 61.00 520.50 387.61 242 06/06/14-10:50:03
835 335.94 58.00 435.90 391.38 242 06/06/14-10:51:06
836 77.64 58.00 109.30 433.02 241 06/06/14-10:52:08
837 148.93 58.00 643.90 456.93 241 06/06/14-10:53:11
838 48.83 58.00 256.70 483.33 241 06/06/14-10:54:13
839 334.47 59.00 520.10 494.68 240 06/06/14-10:55:16
840 198.24 59.00 134.30 512.64 241 06/06/14-10:56:18
841 81.05 59.00 507.80 531.82 241 06/06/14-10:57:21
842 77.64 59.00 559.00 559.53 241 06/06/14-10:58:23
843 47.85 58.00 195.20 574.39 241 06/06/14-10:59:26
844 263.67 59.00 100.70 538.51 241 06/06/14-11:00:29
845 324.71 59.00 261.40 552.35 241 06/06/14-11:01:31
846 198.73 59.00 111.00 559.53 241 06/06/14-11:02:34
847 74.71 58.00 99.80 623.69 240 06/06/14-11:03:37
848 50.29 59.00 757.40 632.67 240 06/06/14-11:04:39
849 334.96 58.00 537.00 641.89 240 06/06/14-11:05:42
850 53.71 59.00 596.30 632.67 241 06/06/14-11:06:44
851 325.68 59.00 193.60 623.69 241 06/06/14-11:07:47
852 69.82 60.00 698.60 606.41 241 06/06/14-11:08:49
853 53.22 62.00 126.10 598.10 241 06/06/14-11:09:51
854 87.89 58.00 120.20 598.10 240 06/06/14-11:10:54
855 85.45 59.00 95.90 582.10 241 06/06/14-11:11:57
856 82.03 58.00 110.40 574.39 241 06/06/14-11:13:00
857 224.12 59.00 836.50 566.87 240 06/06/14-11:14:02
858 319.34 58.00 167.70 552.35 240 06/06/14-11:15:05
859 75.20 58.00 111.50 545.35 241 06/06/14-11:16:07
860 66.41 58.00 758.00 518.89 241 06/06/14-11:17:10
861 331.05 58.00 410.80 506.52 240 06/06/14-11:18:13
862 85.94 59.00 97.60 488.95 241 06/06/14-11:19:16
863 260.74 59.00 842.20 462.00 241 06/06/14-11:20:18
864 319.34 61.00 163.20 442.31 242 06/06/14-11:21:21
865 49.32 58.00 723.70 433.02 242 06/06/14-11:22:24
866 88.87 58.00 819.90 437.62 241 06/06/14-11:23:26
867 53.71 59.00 753.70 433.02 241 06/06/14-11:24:28
868 336.43 58.00 517.50 433.02 241 06/06/14-11:25:31
869 60.06 58.00 523.70 437.62 241 06/06/14-11:26:34
870 48.34 58.00 706.60 456.93 241 06/06/14-11:27:36
871 53.22 59.00 652.50 451.96 241 06/06/14-11:28:39
872 120.61 58.00 780.10 451.96 241 06/06/14-11:29:42
873 49.32 59.00 667.90 447.09 241 06/06/14-11:30:44
874 118.65 58.00 800.20 451.96 241 06/06/14-11:31:46
875 244.14 58.00 98.30 467.17 241 06/06/14-11:32:49
876 84.47 59.00 801.10 467.17 242 06/06/14-11:33:52
877 83.98 59.00 95.00 472.45 241 06/06/14-11:34:54
878 310.06 58.00 817.10 467.17 244 06/06/14-11:35:57
879 142.09 58.00 830.50 456.93 243 06/06/14-11:37:00
880 199.22 59.00 779.40 472.45 244 06/06/14-11:38:02
881 334.47 58.00 600.90 477.84 243 06/06/14-11:39:05
882 96.19 58.00 766.20 483.33 244 06/06/14-11:40:08
883 82.52 58.00 98.70 500.54 244 06/06/14-11:41:10
884 186.04 57.00 119.30 500.54 241 06/06/14-11:42:13
885 146.00 58.00 834.30 506.52 243 06/06/14-11:43:15
886 155.27 58.00 830.60 494.68 242 06/06/14-11:44:18
887 168.46 58.00 784.90 500.54 242 06/06/14-11:45:20
888 135.25 58.00 177.90 483.33 243 06/06/14-11:46:23
889 303.71 58.00 596.70 488.95 242 06/06/14-11:47:25
890 326.17 60.00 166.30 488.95 243 06/06/14-11:48:28
891 66.41 57.00 816.90 500.54 243 06/06/14-11:49:30
892 331.05 58.00 215.10 488.95 244 06/06/14-11:50:33
893 334.47 58.00 361.80 494.68 245 06/06/14-11:51:35
894 325.20 58.00 122.20 500.54 244 06/06/14-11:52:38
895 293.46 59.00 126.80 500.54 245 06/06/14-11:53:40
896 330.08 58.00 144.90 488.95 244 06/06/14-11:54:43
897 325.68 59.00 137.20 494.68 245 06/06/14-11:55:45
898 328.61 58.00 497.50 494.68 245 06/06/14-11:56:49
899 185.06 59.00 836.60 506.52 246 06/06/14-11:57:51
900 77.15 58.00 112.70 494.68 248 06/06/14-11:58:54
901 78.61 58.00 98.70 334.96 246 06/06/14-11:59:56
902 42.48 59.00 610.70 310.56 246 06/06/14-12:00:59
903 217.77 58.00 835.00 305.56 245 06/06/14-12:02:02
904 62.01 59.00 119.80 305.56 245 06/06/14-12:03:04
905 301.27 61.00 842.20 353.15 245 06/06/14-12:04:07
906 54.20 58.00 532.80 506.52 243 06/06/14-12:05:09
907 58.11 58.00 781.60 506.52 244 06/06/14-12:06:12
908 53.71 59.00 802.30 506.52 244 06/06/14-12:07:15
909 319.82 58.00 122.70 512.64 245 06/06/14-12:08:18
910 83.01 59.00 372.40 506.52 243 06/06/14-12:09:20
911 323.24 58.00 155.20 512.64 244 06/06/14-12:10:23
912 251.95 58.00 97.00 447.09 245 06/06/14-12:11:25
913 273.93 58.00 832.30 525.28 244 06/06/14-12:12:28
914 60.06 58.00 816.20 538.51 244 06/06/14-12:13:30
915 330.08 58.00 203.30 538.51 244 06/06/14-12:14:33
916 324.71 58.00 142.30 512.64 245 06/06/14-12:15:36
917 65.43 58.00 164.60 590.00 244 06/06/14-12:16:38
918 84.96 59.00 106.60 623.69 245 06/06/14-12:17:41
919 46.39 58.00 670.00 623.69 245 06/06/14-12:18:44
920 74.22 58.00 216.20 566.87 245 06/06/14-12:19:46
921 325.20 58.00 149.10 518.89 244 06/06/14-12:20:49
922 321.78 59.00 126.70 500.54 244 06/06/14-12:21:52
923 65.92 58.00 168.90 419.73 244 06/06/14-12:22:54
924 56.15 58.00 790.10 395.22 243 06/06/14-12:23:57
925 56.15 58.00 755.90 407.14 244 06/06/14-12:24:59
926 56.64 58.00 801.50 424.08 243 06/06/14-12:26:02
927 305.18 58.00 113.10 424.08 242 06/06/14-12:27:05
928 320.31 58.00 116.30 433.02 243 06/06/14-12:28:07
929 61.52 58.00 195.60 447.09 243 06/06/14-12:29:10
930 192.38 61.00 110.30 447.09 243 06/06/14-12:30:13
931 83.50 58.00 807.10 442.31 243 06/06/14-12:31:15
932 337.40 62.00 178.50 456.93 244 06/06/14-12:32:18
933 217.77 59.00 796.50 506.52 243 06/06/14-12:33:20
934 291.02 60.00 105.90 566.87 243 06/06/14-12:34:23
935 77.64 61.00 201.90 632.67 244 06/06/14-12:35:26
936 318.85 58.00 122.70 623.69 244 06/06/14-12:36:28
937 132.81 58.00 100.80 598.10 243 06/06/14-12:37:31
938 44.43 59.00 748.30 566.87 243 06/06/14-12:38:34
939 44.43 59.00 729.80 531.82 244 06/06/14-12:39:36
940 46.88 58.00 636.70 545.35 244 06/06/14-12:40:39
941 47.85 59.00 287.20 538.51 244 06/06/14-12:41:41
942 104.49 59.00 722.10 538.51 243 06/06/14-12:42:44
943 259.28 59.00 150.80 512.64 244 06/06/14-12:43:47
944 44.43 59.00 147.70 488.95 243 06/06/14-12:44:49
945 303.71 59.00 833.50 477.84 244 06/06/14-12:45:52
946 328.61 58.00 462.80 462.00 244 06/06/14-12:46:54
947 178.71 59.00 529.50 451.96 244 06/06/14-12:47:57
948 56.15 59.00 382.60 447.09 244 06/06/14-12:49:00
949 306.64 59.00 524.30 447.09 244 06/06/14-12:50:02
950 209.96 59.00 696.40 447.09 243 06/06/14-12:51:05
951 95.21 60.00 696.30 442.31 243 06/06/14-12:52:07
952 44.92 59.00 139.10 437.62 243 06/06/14-12:53:10
953 51.76 59.00 113.30 433.02 243 06/06/14-12:54:13
954 160.16 59.00 175.30 411.26 244 06/06/14-12:55:15
955 183.11 60.00 83.80 403.10 244 06/06/14-12:56:17
956 68.36 59.00 639.90 419.73 244 06/06/14-12:57:20
957 69.82 60.00 104.50 442.31 244 06/06/14-12:58:22
958 164.55 59.00 806.30 488.95 244 06/06/14-12:59:25
959 325.68 60.00 809.90 506.52 244 06/06/14-13:00:27
960 46.88 60.00 453.80 506.52 244 06/06/14-13:01:30
961 294.43 60.00 97.30 525.28 245 06/06/14-13:02:33
962 125.00 60.00 182.90 531.82 246 06/06/14-13:03:35
963 44.92 60.00 646.10 538.51 245 06/06/14-13:04:38
964 61.04 60.00 193.30 538.51 246 06/06/14-13:05:40
965 329.59 60.00 160.40 538.51 246 06/06/14-13:06:43
966 48.34 60.00 528.90 538.51 248 06/06/14-13:07:46
967 291.02 60.00 100.00 538.51 247 06/06/14-13:08:48
968 327.64 60.00 166.70 525.28 248 06/06/14-13:09:51
969 276.37 60.00 763.30 506.52 250 06/06/14-13:10:54
970 311.52 59.00 663.30 488.95 249 06/06/14-13:11:56
971 56.15 60.00 810.30 467.17 250 06/06/14-13:12:59
972 316.41 60.00 769.80 472.45 253 06/06/14-13:14:01
973 317.87 61.00 850.00 477.84 256 06/06/14-13:15:04
974 345.21 60.00 230.20 483.33 255 06/06/14-13:16:07
975 347.66 60.00 555.60 467.17 255 06/06/14-13:17:10
976 44.92 60.00 331.60 451.96 255 06/06/14-13:18:12
977 320.31 61.00 823.30 437.62 256 06/06/14-13:19:15
978 348.63 63.00 403.60 447.09 255 06/06/14-13:20:18
979 347.66 60.00 354.10 462.00 255 06/06/14-13:21:20
980 346.68 60.00 601.40 472.45 254 06/06/14-13:22:23
981 244.14 61.00 863.70 477.84 254 06/06/14-13:23:26
982 252.93 61.00 855.40 500.54 253 06/06/14-13:24:29
983 66.41 61.00 797.80 512.64 252 06/06/14-13:25:31
984 56.15 61.00 163.20 525.28 252 06/06/14-13:26:34
985 347.66 61.00 646.40 545.35 252 06/06/14-13:27:36
986 335.94 61.00 131.30 559.53 252 06/06/14-13:28:39
987 322.27 61.00 852.70 574.39 251 06/06/14-13:29:42
988 82.03 61.00 175.20 614.94 249 06/06/14-13:30:44
989 311.04 61.00 845.30 651.37 249 06/06/14-13:31:47
990 153.81 61.00 79.10 692.03 249 06/06/14-13:32:49
991 61.52 61.00 166.70 737.69 248 06/06/14-13:33:52
992 42.97 61.00 304.10 737.69 247 06/06/14-13:34:55
993 331.05 61.00 839.10 725.76 247 06/06/14-13:35:57
994 74.71 62.00 384.40 702.94 247 06/06/14-13:37:00
995 210.94 61.00 127.10 714.18 247 06/06/14-13:38:03
996 312.50 61.00 679.40 702.94 247 06/06/14-13:39:06
997 337.40 61.00 321.80 671.13 247 06/06/14-13:40:09
998 330.57 61.00 575.60 737.69 247 06/06/14-13:41:11
999 350.59 61.00 278.30 832.76 247 06/06/14-13:42:14
1000 121.09 61.00 852.20 714.18 247 06/06/14-13:43:17
1001 323.73 61.00 838.80 789.35 247 06/06/14-13:44:19
1002 45.41 61.00 753.20 714.18 246 06/06/14-13:45:22
1003 329.10 61.00 815.50 702.94 246 06/06/14-13:46:24
1004 346.19 61.00 291.10 651.37 246 06/06/14-13:47:27
1005 62.99 61.00 137.90 750.00 246 06/06/14-13:48:30
1006 330.57 61.00 809.40 641.89 245 06/06/14-13:49:32
1007 165.53 61.00 832.20 651.37 245 06/06/14-13:50:36
1008 45.90 61.00 217.60 762.70 245 06/06/14-13:51:38
1009 51.27 61.00 316.60 512.64 246 06/06/14-13:52:41
1010 343.26 61.00 548.80 525.28 245 06/06/14-13:53:43
1011 331.54 61.00 262.00 483.33 246 06/06/14-13:54:46
1012 82.03 60.00 88.90 737.69 245 06/06/14-13:55:49
1013 69.82 61.00 104.00 559.53 245 06/06/14-13:56:51
1014 77.15 63.00 799.10 641.89 245 06/06/14-13:57:54
1015 239.75 61.00 289.60 582.10 246 06/06/14-13:58:56
1016 327.15 61.00 554.40 775.81 245 06/06/14-13:59:59
1017 309.57 61.00 795.60 582.10 244 06/06/14-14:01:02
1018 249.02 61.00 721.00 623.69 246 06/06/14-14:02:04
1019 185.55 61.00 97.50 750.00 245 06/06/14-14:03:07
1020 320.31 62.00 124.20 681.43 247 06/06/14-14:04:10
1021 43.46 61.00 730.30 623.69 247 06/06/14-14:05:12
1022 48.34 61.00 586.90 566.87 247 06/06/14-14:06:15
1023 81.54 61.00 797.80 538.51 247 06/06/14-14:07:17
1024 51.76 61.00 787.10 574.39 247 06/06/14-14:08:21
1025 318.85 60.00 808.30 606.41 247 06/06/14-14:09:23
1026 313.48 60.00 646.80 614.94 247 06/06/14-14:10:26
1027 128.42 64.00 175.10 623.69 247 06/06/14-14:11:28
1028 316.41 60.00 106.70 671.13 247 06/06/14-14:12:31
1029 62.99 60.00 826.90 598.10 249 06/06/14-14:13:34
1030 224.12 61.00 851.10 692.03 250 06/06/14-14:14:36
1031 170.90 60.00 99.20 614.94 252 06/06/14-14:15:39
1032 305.18 60.00 836.40 671.13 250 06/06/14-14:16:41
1033 115.23 63.00 781.60 671.13 250 06/06/14-14:17:44
1034 67.87 61.00 175.40 692.03 249 06/06/14-14:18:47
1035 298.83 59.00 842.90 661.11 248 06/06/14-14:19:49
1036 309.57 63.00 781.00 632.67 248 06/06/14-14:20:52
1037 76.17 59.00 106.40 566.87 246 06/06/14-14:21:54
1038 289.06 60.00 103.50 702.94 248 06/06/14-14:22:57
1039 262.70 60.00 95.70 681.43 247 06/06/14-14:24:00
1040 43.46 60.00 675.80 775.81 247 06/06/14-14:25:02
1041 317.87 60.00 149.60 623.69 247 06/06/14-14:26:05
1042 44.43 60.00 597.60 566.87 246 06/06/14-14:27:08
1043 78.13 60.00 118.80 598.10 246 06/06/14-14:28:10
1044 74.71 62.00 113.80 641.89 245 06/06/14-14:29:12
1045 71.78 60.00 175.50 651.37 246 06/06/14-14:30:15
1046 93.75 62.00 107.50 803.34 246 06/06/14-14:31:18
1047 310.55 60.00 777.20 750.00 246 06/06/14-14:32:20
1048 280.27 59.00 97.00 681.43 246 06/06/14-14:33:23
1049 44.43 59.00 292.60 531.82 246 06/06/14-14:34:26
1050 57.62 59.00 796.40 651.37 246 06/06/14-14:35:29
1051 43.95 60.00 527.50 606.41 245 06/06/14-14:36:31
1052 329.59 60.00 152.50 750.00 245 06/06/14-14:37:34
1053 333.01 59.00 216.80 641.89 246 06/06/14-14:38:36
1054 43.46 60.00 205.60 692.03 246 06/06/14-14:39:39
1055 59.57 59.00 645.00 671.13 246 06/06/14-14:40:42
1056 262.21 59.00 829.60 789.35 250 06/06/14-14:41:44
1057 48.34 59.00 137.10 590.00 215 06/06/14-14:42:47
1058 85.45 59.00 173.80 525.28 250 06/06/14-14:43:49
1059 65.43 60.00 133.70 692.03 275 06/06/14-14:44:52
1060 299.32 61.00 841.50 512.64 285 06/06/14-14:45:54
1061 163.09 62.00 164.40 566.87 277 06/06/14-14:46:57
1062 69.82 62.00 464.10 582.10 286 06/06/14-14:48:00
1063 90.82 62.00 116.50 566.87 287 06/06/14-14:49:03
1064 141.11 63.00 710.50 714.18 282 06/06/14-14:50:05
1065 338.38 62.00 565.10 598.10 281 06/06/14-14:51:08
1066 97.66 62.00 711.70 606.41 279 06/06/14-14:52:11
1067 128.42 62.00 584.70 590.00 278 06/06/14-14:53:13
1068 345.21 62.00 797.70 598.10 273 06/06/14-14:54:16
1069 145.51 62.00 554.90 545.35 268 06/06/14-14:55:19
1070 321.29 62.00 349.00 590.00 267 06/06/14-14:56:21
1071 49.80 62.00 288.70 614.94 266 06/06/14-14:57:24
1072 67.38 64.00 763.90 598.10 266 06/06/14-14:58:26
1073 324.71 62.00 441.40 552.35 265 06/06/14-14:59:29
1074 48.34 62.00 645.00 538.51 263 06/06/14-15:00:32
1075 76.66 62.00 108.40 531.82 261 06/06/14-15:01:34
1076 309.08 62.00 799.30 518.89 260 06/06/14-15:02:37
1077 170.90 61.00 87.00 623.69 259 06/06/14-15:03:40
1078 154.30 61.00 836.50 725.76 257 06/06/14-15:04:42
1079 335.45 61.00 704.90 671.13 257 06/06/14-15:05:45
1080 46.88 61.00 558.90 598.10 255 06/06/14-15:06:47
1081 325.68 60.00 227.60 518.89 255 06/06/14-15:07:50
1082 228.52 60.00 837.40 590.00 255 06/06/14-15:08:52
1083 336.43 62.00 768.40 789.35 255 06/06/14-15:09:55
1084 62.50 61.00 110.80 538.51 256 06/06/14-15:10:58
1085 195.80 60.00 83.70 538.51 255 06/06/14-15:12:01
1086 277.34 61.00 832.50 632.67 253 06/06/14-15:13:03
1087 71.78 60.00 97.50 512.64 256 06/06/14-15:14:06
1088 62.50 61.00 314.20 545.35 255 06/06/14-15:15:08
1089 210.45 61.00 111.70 681.43 256 06/06/14-15:16:11
1090 256.35 61.00 851.20 531.82 257 06/06/14-15:17:14
1091 250.49 61.00 848.20 623.69 259 06/06/14-15:18:16
1092 305.18 62.00 834.20 500.54 257 06/06/14-15:19:19
1093 51.27 61.00 367.60 552.35 260 06/06/14-15:20:22
1094 171.88 60.00 114.30 488.95 260 06/06/14-15:21:25
1095 249.51 60.00 106.40 488.95 260 06/06/14-15:22:28
1096 332.03 59.00 826.00 506.52 260 06/06/14-15:23:30
1097 221.68 59.00 742.80 559.53 259 06/06/14-15:24:33
1098 155.27 60.00 80.60 488.95 260 06/06/14-15:25:35
1099 53.22 60.00 773.60 477.84 259 06/06/14-15:26:38
1100 85.94 60.00 96.20 477.84 259 06/06/14-15:27:40
1101 331.54 60.00 156.50 477.84 261 06/06/14-15:28:43
1102 331.05 62.00 823.80 488.95 261 06/06/14-15:29:46
1103 177.25 59.00 90.40 472.45 264 06/06/14-15:30:49
1104 344.24 59.00 270.30 506.52 263 06/06/14-15:31:52
1105 52.25 61.00 736.30 582.10 262 06/06/14-15:32:55
1106 44.43 60.00 534.50 512.64 264 06/06/14-15:33:57
1107 317.87 60.00 841.60 559.53 263 06/06/14-15:35:00
1108 189.45 61.00 97.50 566.87 263 06/06/14-15:36:02
1109 70.80 61.00 120.10 512.64 262 06/06/14-15:37:05
1110 51.27 60.00 104.90 500.54 263 06/06/14-15:38:08
1111 285.16 59.00 831.70 500.54 262 06/06/14-15:39:10
1112 342.29 59.00 793.10 500.54 263 06/06/14-15:40:13
1113 53.22 61.00 120.50 692.03 263 06/06/14-15:41:15
1114 49.32 59.00 102.90 512.64 263 06/06/14-15:42:18
1115 67.38 60.00 133.00 531.82 263 06/06/14-15:43:20
1116 54.20 59.00 344.00 512.64 263 06/06/14-15:44:23
1117 277.83 61.00 120.70 494.68 265 06/06/14-15:45:26
1118 62.99 59.00 785.30 506.52 265 06/06/14-15:46:28
1119 329.59 62.00 160.80 566.87 265 06/06/14-15:47:31
1120 52.25 60.00 637.80 566.87 266 06/06/14-15:48:33
1121 46.88 59.00 297.10 525.28 266 06/06/14-15:49:36
1122 334.47 61.00 330.30 598.10 266 06/06/14-15:50:38
1123 331.54 60.00 171.70 538.51 265 06/06/14-15:51:41
1124 59.08 59.00 343.80 525.28 266 06/06/14-15:52:44
1125 331.54 59.00 379.80 525.28 266 06/06/14-15:53:46
1126 341.80 60.00 244.30 598.10 268 06/06/14-15:54:49
1127 335.94 60.00 817.50 641.89 268 06/06/14-15:55:52
1128 246.58 60.00 134.20 518.89 268 06/06/14-15:56:54
1129 65.92 59.00 120.20 623.69 267 06/06/14-15:57:57
1130 335.45 60.00 743.50 500.54 266 06/06/14-15:59:00
1131 323.24 59.00 475.10 552.35 267 06/06/14-16:00:03
1132 44.92 59.00 607.10 641.89 267 06/06/14-16:01:06
1133 52.25 59.00 743.60 692.03 270 06/06/14-16:02:09
1134 80.08 59.00 86.10 545.35 269 06/06/14-16:03:11
1135 69.34 59.00 785.10 632.67 271 06/06/14-16:04:14
1136 75.68 60.00 779.20 559.53 274 06/06/14-16:05:16
1137 58.11 59.00 297.70 545.35 272 06/06/14-16:06:19
1138 87.40 59.00 793.70 552.35 270 06/06/14-16:07:22
1139 50.29 59.00 369.30 651.37 270 06/06/14-16:08:24
1140 316.41 60.00 835.80 775.81 271 06/06/14-16:09:27
1141 343.26 59.00 633.80 702.94 271 06/06/14-16:10:29
1142 179.20 59.00 815.70 651.37 271 06/06/14-16:11:32
1143 207.03 59.00 852.70 552.35 269 06/06/14-16:12:35
1144 328.13 60.00 244.30 606.41 268 06/06/14-16:13:37
1145 305.18 59.00 843.70 614.94 267 06/06/14-16:14:40
1146 255.86 59.00 151.10 651.37 265 06/06/14-16:15:42
1147 242.19 61.00 725.00 714.18 264 06/06/14-16:16:45
1148 65.92 60.00 788.70 518.89 263 06/06/14-16:17:48
1149 342.77 60.00 540.40 552.35 262 06/06/14-16:18:50
1150 343.75 61.00 314.90 552.35 260 06/06/14-16:19:53
1151 328.13 60.00 561.40 590.00 260 06/06/14-16:20:55
1152 333.50 59.00 646.50 559.53 259 06/06/14-16:21:58
1153 290.53 60.00 855.70 552.35 258 06/06/14-16:23:01
1154 339.36 60.00 823.80 574.39 257 06/06/14-16:24:03
1155 155.76 60.00 87.30 566.87 257 06/06/14-16:25:06
1156 286.62 58.00 200.10 552.35 256 06/06/14-16:26:09
1157 45.90 62.00 168.10 582.10 255 06/06/14-16:27:11
1158 43.95 60.00 461.80 559.53 255 06/06/14-16:28:14
1159 344.24 59.00 737.70 574.39 255 06/06/14-16:29:16
1160 56.15 62.00 105.90 606.41 255 06/06/14-16:30:19
1161 117.19 59.00 93.50 582.10 255 06/06/14-16:31:21
1162 307.13 60.00 738.40 598.10 255 06/06/14-16:32:24
1163 87.40 59.00 795.10 598.10 254 06/06/14-16:33:26
1164 95.70 59.00 84.40 582.10 254 06/06/14-16:34:29
1165 73.73 59.00 92.30 598.10 253 06/06/14-16:35:31
1166 75.20 59.00 124.70 598.10 253 06/06/14-16:36:34
1167 45.41 60.00 669.30 632.67 253 06/06/14-16:37:37
1168 330.08 59.00 470.60 606.41 253 06/06/14-16:38:39
1169 96.68 59.00 817.50 606.41 251 06/06/14-16:39:42
1170 188.48 60.00 835.40 614.94 252 06/06/14-16:40:44
1171 67.87 59.00 787.40 614.94 253 06/06/14-16:41:47
1172 56.15 60.00 582.40 614.94 253 06/06/14-16:42:50
1173 124.02 59.00 822.60 623.69 252 06/06/14-16:43:53
1174 282.71 61.00 833.50 632.67 255 06/06/14-16:44:55
1175 329.10 59.00 268.40 623.69 253 06/06/14-16:45:58
1176 75.68 61.00 103.10 641.89 260 06/06/14-16:47:00
1177 73.24 60.00 157.40 641.89 263 06/06/14-16:48:03
1178 334.47 59.00 408.50 651.37 265 06/06/14-16:49:05
1179 287.11 59.00 118.60 651.37 269 06/06/14-16:50:08
1180 83.98 61.00 93.90 661.11 270 06/06/14-16:51:10
1181 336.43 58.00 251.40 681.43 275 06/06/14-16:52:13
1182 337.89 59.00 626.20 671.13 278 06/06/14-16:53:16
1183 51.76 59.00 461.20 632.67 283 06/06/14-16:54:18
1184 52.73 59.00 369.80 681.43 285 06/06/14-16:55:21
1185 334.47 57.00 513.50 692.03 287 06/06/14-16:56:23
1186 324.71 58.00 428.60 661.11 286 06/06/14-16:57:26
1187 328.61 58.00 560.40 681.43 286 06/06/14-16:58:28
1188 202.15 58.00 151.20 681.43 286 06/06/14-16:59:31
1189 156.25 59.00 82.70 714.18 284 06/06/14-17:00:33
1190 82.52 58.00 101.20 598.10 283 06/06/14-17:01:36
1191 111.82 58.00 94.40 525.28 283 06/06/14-17:02:39
1192 53.71 60.00 643.60 552.35 284 06/06/14-17:03:41
1193 331.54 58.00 802.40 661.11 285 06/06/14-17:04:44
1194 89.36 58.00 84.40 641.89 288 06/06/14-17:05:46
1195 98.14 58.00 764.10 538.51 294 06/06/14-17:06:49
1196 319.82 58.00 794.60 750.00 300 06/06/14-17:07:52
1197 122.07 58.00 785.70 590.00 303 06/06/14-17:08:54
1198 88.87 58.00 776.20 590.00 304 06/06/14-17:09:57
1199 310.55 58.00 776.90 725.76 303 06/06/14-17:11:00
1200 79.59 58.00 310.20 803.34 303 06/06/14-17:12:02
1201 73.73 58.00 112.70 775.81 299 06/06/14-17:13:04
1202 55.18 58.00 362.30 832.76 295 06/06/14-17:14:07
1203 69.82 58.00 568.60 934.62 312 06/06/14-17:15:09
1204 336.91 57.00 194.30 916.04 327 06/06/14-17:16:12
1205 337.40 58.00 811.20 880.91 354 06/06/14-17:17:15
1206 70.80 58.00 496.70 574.39 359 06/06/14-17:18:17
1207 260.74 58.00 825.00 737.69 365 06/06/14-17:19:20
1208 67.38 58.00 141.70 725.76 354 06/06/14-17:20:22
1209 90.82 61.00 122.70 632.67 349 06/06/14-17:21:24
1210 358.40 58.00 659.90 803.34 342 06/06/14-17:22:27
1211 62.99 59.00 346.00 789.35 341 06/06/14-17:23:30
1212 75.20 59.00 710.30 737.69 335 06/06/14-17:24:32
1213 233.89 60.00 134.00 702.94 335 06/06/14-17:25:35
1214 236.33 60.00 844.50 545.35 336 06/06/14-17:26:37
1215 321.78 60.00 144.40 681.43 331 06/06/14-17:27:40
1216 317.87 60.00 740.00 775.81 333 06/06/14-17:28:42
1217 330.08 59.00 826.40 750.00 330 06/06/14-17:29:45
1218 335.94 60.00 837.30 750.00 326 06/06/14-17:30:48
1219 316.41 62.00 857.20 750.00 325 06/06/14-17:31:50
1220 176.27 60.00 118.50 762.70 322 06/06/14-17:32:53
1221 83.01 60.00 167.10 775.81 325 06/06/14-17:33:55
1222 340.33 60.00 169.00 789.35 328 06/06/14-17:34:58
1223 83.01 62.00 388.70 775.81 320 06/06/14-17:36:00
1224 91.80 61.00 373.40 789.35 324 06/06/14-17:37:03
1225 268.07 61.00 829.60 775.81 313 06/06/14-17:38:05
1226 324.71 60.00 828.10 775.81 320 06/06/14-17:39:08
1227 345.21 63.00 784.40 775.81 316 06/06/14-17:40:11
1228 249.51 60.00 118.10 775.81 312 06/06/14-17:41:13
1229 297.36 60.00 126.80 789.35 312 06/06/14-17:42:16
1230 245.12 62.00 116.90 817.80 310 06/06/14-17:43:18
1231 351.56 61.00 627.90 750.00 307 06/06/14-17:44:21
1232 92.29 60.00 139.10 789.35 308 06/06/14-17:45:23
1233 275.39 61.00 123.10 789.35 304 06/06/14-17:46:26
1234 69.34 61.00 261.50 817.80 303 06/06/14-17:47:29
1235 330.57 60.00 183.00 750.00 301 06/06/14-17:48:31
1236 341.31 60.00 497.90 803.34 299 06/06/14-17:49:34
1237 58.59 60.00 264.40 775.81 303 06/06/14-17:50:37
1238 334.96 60.00 408.50 789.35 308 06/06/14-17:51:39
1239 321.29 60.00 505.80 789.35 311 06/06/14-17:52:42
1240 277.83 60.00 829.00 775.81 304 06/06/14-17:53:45
1241 304.69 60.00 180.90 762.70 305 06/06/14-17:54:47
1242 65.43 60.00 306.20 737.69 299 06/06/14-17:55:50
1243 334.47 62.00 563.10 651.37 291 06/06/14-17:56:52
1244 85.45 62.00 139.90 598.10 290 06/06/14-17:57:55
1245 336.43 62.00 672.20 552.35 291 06/06/14-17:58:58
1246 317.87 61.00 712.20 512.64 302 06/06/14-18:00:01
1247 60.55 62.00 141.80 512.64 300 06/06/14-18:01:03
1248 71.78 62.00 324.10 472.45 295 06/06/14-18:02:06
1249 69.82 62.00 274.70 456.93 295 06/06/14-18:03:08
1250 62.50 64.00 205.90 447.09 306 06/06/14-18:04:11
1251 217.77 62.00 466.20 442.31 298 06/06/14-18:05:14
1252 54.20 65.00 161.70 451.96 289 06/06/14-18:06:17
1253 345.21 63.00 761.80 451.96 286 06/06/14-18:07:19
1254 70.80 64.00 139.80 447.09 290 06/06/14-18:08:22
1255 90.33 63.00 432.70 442.31 287 06/06/14-18:09:25
1256 62.99 64.00 231.30 442.31 287 06/06/14-18:10:27
1257 313.96 64.00 838.10 442.31 285 06/06/14-18:11:30
1258 315.92 65.00 810.60 437.62 283 06/06/14-18:12:33
1259 286.62 64.00 829.80 437.62 286 06/06/14-18:13:35
1260 130.37 64.00 788.10 442.31 289 06/06/14-18:14:38
1261 339.36 64.00 646.50 437.62 291 06/06/14-18:15:40
1262 121.09 64.00 348.60 437.62 288 06/06/14-18:16:43
1263 232.42 64.00 562.20 428.51 287 06/06/14-18:17:45
1264 336.91 65.00 480.90 407.14 284 06/06/14-18:18:48
1265 245.12 67.00 257.20 407.14 281 06/06/14-18:19:51
1266 70.80 64.00 399.20 411.26 282 06/06/14-18:20:53
1267 130.86 64.00 581.00 415.46 285 06/06/14-18:21:56
1268 341.80 64.00 610.30 415.46 291 06/06/14-18:22:59
1269 202.15 65.00 123.30 415.46 289 06/06/14-18:24:01
1270 284.18 65.00 176.70 415.46 286 06/06/14-18:25:04
1271 338.87 65.00 362.20 407.14 287 06/06/14-18:26:07
1272 147.95 65.00 858.60 411.26 290 06/06/14-18:27:09
1273 68.36 65.00 820.90 411.26 287 06/06/14-18:28:12
1274 349.12 65.00 576.60 415.46 288 06/06/14-18:29:15
1275 339.36 66.00 281.30 415.46 289 06/06/14-18:30:18
1276 354.00 66.00 712.90 415.46 288 06/06/14-18:31:21
1277 348.14 66.00 575.60 428.51 281 06/06/14-18:32:23
1278 322.27 66.00 842.10 415.46 291 06/06/14-18:33:26
1279 226.07 66.00 112.90 424.08 287 06/06/14-18:34:29
1280 243.16 66.00 140.60 415.46 291 06/06/14-18:35:31
1281 65.43 67.00 260.80 415.46 289 06/06/14-18:36:34
1282 59.57 67.00 549.50 415.46 288 06/06/14-18:37:36
1283 105.96 67.00 137.20 419.73 288 06/06/14-18:38:39
1284 55.18 67.00 282.70 411.26 292 06/06/14-18:39:42
1285 216.31 67.00 111.10 399.12 291 06/06/14-18:40:44
1286 329.10 67.00 176.50 399.12 297 06/06/14-18:41:47
1287 346.19 67.00 461.80 403.10 298 06/06/14-18:42:50
1288 351.56 67.00 841.00 399.12 300 06/06/14-18:43:53
1289 352.54 68.00 623.30 399.12 300 06/06/14-18:44:55
1290 266.60 67.00 115.70 391.38 308 06/06/14-18:45:58
1291 347.66 67.00 824.10 411.26 300 06/06/14-18:47:00
1292 226.07 67.00 98.00 403.10 299 06/06/14-18:48:03
1293 323.24 66.00 859.30 399.12 297 06/06/14-18:49:06
1294 58.59 66.00 421.60 395.22 292 06/06/14-18:50:09
1295 54.69 66.00 171.50 391.38 291 06/06/14-18:51:12
1296 276.86 67.00 867.30 376.67 289 06/06/14-18:52:14
1297 258.79 67.00 807.40 373.14 288 06/06/14-18:53:17
1298 324.71 67.00 140.00 362.90 297 06/06/14-18:54:20
1299 57.62 67.00 242.80 350.00 295 06/06/14-18:55:23
1300 67.38 67.00 231.90 346.90 288 06/06/14-18:56:25
1301 64.45 67.00 297.90 340.84 296 06/06/14-18:57:28
1302 206.54 68.00 850.50 337.88 297 06/06/14-18:58:31
1303 62.99 67.00 335.70 337.88 288 06/06/14-18:59:33
1304 62.01 68.00 180.60 329.26 292 06/06/14-19:00:36
1305 93.75 68.00 248.70 323.72 291 06/06/14-19:01:39
1306 351.56 68.00 400.50 323.72 289 06/06/14-19:02:41
1307 346.19 68.00 259.70 326.47 288 06/06/14-19:03:44
1308 323.24 68.00 850.80 329.26 284 06/06/14-19:04:47
1309 80.08 69.00 115.60 337.88 289 06/06/14-19:05:50
1310 116.70 68.00 452.20 343.85 287 06/06/14-19:06:52
1311 267.58 68.00 606.80 337.88 287 06/06/14-19:07:55
1312 340.33 68.00 633.70 334.96 285 06/06/14-19:08:58
1313 67.87 68.00 275.40 340.84 283 06/06/14-19:10:00
1314 94.73 68.00 361.50 329.26 288 06/06/14-19:11:03
1315 88.87 68.00 138.80 326.47 283 06/06/14-19:12:06
1316 81.05 69.00 218.50 321.02 283 06/06/14-19:13:09
1317 103.52 69.00 125.10 315.72 289 06/06/14-19:14:11
1318 111.33 69.00 408.90 310.56 298 06/06/14-19:15:14
1319 62.50 70.00 187.70 310.56 298 06/06/14-19:16:16
1320 65.92 70.00 139.90 308.04 292 06/06/14-19:17:19
1321 355.96 70.00 779.60 303.10 288 06/06/14-19:18:22
1322 339.84 70.00 389.40 298.30 287 06/06/14-19:19:24
1323 59.08 70.00 197.40 298.30 287 06/06/14-19:20:27
1324 75.20 70.00 448.60 293.63 282 06/06/14-19:21:30
1325 122.07 70.00 727.60 293.63 286 06/06/14-19:22:33
1326 326.66 70.00 860.40 286.84 282 06/06/14-19:23:35
1327 210.94 69.00 835.00 282.47 290 06/06/14-19:24:38
1328 70.31 69.00 249.10 278.21 290 06/06/14-19:25:41
1329 141.11 70.00 792.40 278.21 288 06/06/14-19:26:44
1330 332.03 70.00 866.00 280.32 287 06/06/14-19:27:47
1331 201.17 70.00 869.20 282.47 290 06/06/14-19:28:49
1332 176.27 70.00 108.30 282.47 293 06/06/14-19:29:52
1333 153.81 70.00 169.30 293.63 295 06/06/14-19:30:55
1334 281.74 71.00 346.70 289.07 289 06/06/14-19:31:57
1335 347.66 71.00 625.40 305.56 288 06/06/14-19:33:00
1336 80.57 71.00 560.10 308.04 292 06/06/14-19:34:03
1337 102.54 71.00 113.40 318.35 290 06/06/14-19:35:05
1338 359.38 71.00 611.30 318.35 291 06/06/14-19:36:08
1339 348.63 71.00 686.60 329.26 290 06/06/14-19:37:11
1340 72.27 71.00 823.20 332.09 298 06/06/14-19:38:13
1341 317.87 72.00 853.80 332.09 291 06/06/14-19:39:16
1342 318.36 72.00 851.80 332.09 292 06/06/14-19:40:19
1343 284.18 71.00 885.60 329.26 289 06/06/14-19:41:21
1344 328.13 72.00 840.20 329.26 289 06/06/14-19:42:24
1345 285.64 72.00 159.30 326.47 288 06/06/14-19:43:26
1346 353.52 72.00 482.50 321.02 286 06/06/14-19:44:29
1347 164.06 72.00 109.50 321.02 286 06/06/14-19:45:32
1348 183.59 72.00 146.10 318.35 288 06/06/14-19:46:34
1349 352.54 72.00 371.60 315.72 286 06/06/14-19:47:37
1350 62.50 73.00 329.70 313.12 277 06/06/14-19:48:39
1351 298.83 73.00 882.70 308.04 291 06/06/14-19:49:42
1352 75.20 73.00 422.80 305.56 292 06/06/14-19:50:45
1353 345.70 73.00 865.40 305.56 291 06/06/14-19:51:47
1354 358.40 73.00 806.40 305.56 292 06/06/14-19:52:50
1355 82.52 73.00 130.00 303.10 295 06/06/14-19:53:53
1356 330.57 73.00 870.70 303.10 295 06/06/14-19:54:55
1357 137.70 73.00 522.20 305.56 289 06/06/14-19:55:58
1358 111.82 74.00 272.30 310.56 287 06/06/14-19:57:00
1359 306.64 75.00 461.40 313.12 285 06/06/14-19:58:03
1360 55.18 75.00 171.50 313.12 279 06/06/14-19:59:06
1361 321.78 75.00 893.60 308.04 289 06/06/14-20:00:09
1362 359.38 74.00 644.20 303.10 286 06/06/14-20:01:12
1363 139.65 75.00 101.10 298.30 283 06/06/14-20:02:14
1364 151.37 75.00 119.20 291.33 285 06/06/14-20:03:17
1365 64.45 75.00 757.90 280.32 284 06/06/14-20:04:20
1366 281.74 75.00 844.90 274.05 286 06/06/14-20:05:22
1367 70.80 75.00 803.70 268.01 282 06/06/14-20:06:25
1368 283.69 75.00 126.60 262.20 288 06/06/14-20:07:27
1369 57.13 75.00 434.10 252.96 287 06/06/14-20:08:30
1370 292.97 75.00 216.60 247.68 286 06/06/14-20:09:32
1371 56.64 77.00 151.80 244.25 282 06/06/14-20:10:35
1372 96.68 76.00 130.10 240.91 282 06/06/14-20:11:38
1373 357.91 76.00 631.90 237.64 280 06/06/14-20:12:41
1374 362.30 75.00 789.80 236.03 283 06/06/14-20:13:43
1375 351.07 77.00 828.70 234.45 284 06/06/14-20:14:46
1376 255.86 75.00 337.20 231.32 280 06/06/14-20:15:48
1377 55.66 76.00 164.10 229.78 282 06/06/14-20:16:51
1378 342.29 76.00 851.40 226.76 279 06/06/14-20:17:53
1379 59.57 78.00 202.80 222.34 281 06/06/14-20:18:55
1380 74.71 78.00 550.40 219.47 277 06/06/14-20:19:58
1381 91.31 78.00 761.80 216.67 283 06/06/14-20:21:00
1382 103.03 78.00 110.00 212.56 283 06/06/14-20:22:03
1383 315.43 78.00 166.30 208.59 282 06/06/14-20:23:05
1384 67.87 78.00 314.90 207.29 281 06/06/14-20:24:08
1385 94.24 78.00 106.90 203.47 282 06/06/14-20:25:11
1386 58.11 77.00 153.50 198.54 285 06/06/14-20:26:13
1387 280.27 78.00 894.40 192.65 282 06/06/14-20:27:15
1388 75.68 79.00 818.80 185.95 279 06/06/14-20:28:18
1389 364.75 78.00 553.50 180.63 281 06/06/14-20:29:21
1390 56.15 77.00 517.30 176.55 280 06/06/14-20:30:24
1391 359.86 78.00 812.00 173.58 280 06/06/14-20:31:26
1392 335.45 79.00 885.60 170.69 284 06/06/14-20:32:29
1393 111.82 79.00 108.50 169.74 284 06/06/14-20:33:31
1394 339.84 78.00 900.50 172.61 293 06/06/14-20:34:34
1395 71.29 80.00 841.80 168.80 296 06/06/14-20:35:36
1396 156.25 80.00 104.00 165.13 295 06/06/14-20:36:39
1397 166.99 80.00 116.30 159.84 295 06/06/14-20:37:42
1398 145.02 80.00 871.10 156.45 296 06/06/14-20:38:44
1399 60.06 80.00 737.00 152.37 291 06/06/14-20:39:47
1400 270.02 81.00 106.90 148.45 289 06/06/14-20:40:49
1401 102.54 80.00 106.40 144.68 294 06/06/14-20:41:52
1402 342.29 81.00 905.60 141.76 297 06/06/14-20:42:54
1403 340.33 80.00 908.20 136.86 292 06/06/14-20:43:57
1404 97.17 82.00 139.00 133.51 288 06/06/14-20:44:59
1405 373.05 82.00 201.10 129.65 287 06/06/14-20:46:02
1406 234.86 82.00 920.20 125.34 288 06/06/14-20:47:04
1407 71.29 82.00 859.20 120.10 281 06/06/14-20:48:07
1408 246.58 82.00 112.30 112.54 279 06/06/14-20:49:09
1409 330.57 82.00 915.90 107.06 279 06/06/14-20:50:12
1410 330.08 81.00 906.90 103.29 282 06/06/14-20:51:15
1411 248.54 82.00 270.20 99.27 278 06/06/14-20:52:17
1412 140.63 83.00 865.50 95.87 283 06/06/14-20:53:19
